%ITP 110, profile 173: year day longitude(E+) latitude(N+) ndepths
2018  350.00142  -135.4559  74.9493  259 0
%year day pressure(dbar) temperature(C) salinity oxygen(umol/kg)
2018  350.02977  240   -1.2766   33.6741  242.9760
2018  350.03022  242   -1.2629   33.7223  243.5823
2018  350.03197  244   -1.2542   33.7527  244.2249
2018  350.03189  246   -1.2470   33.7805  245.1965
2018  350.02958  248   -1.2393   33.8056  245.4431
2018  350.02777  250   -1.2360   33.8363  248.8944
2018  350.02741  252   -1.2321   33.8659  250.7577
2018  350.02712  254   -1.2298   33.8891  252.3893
2018  350.02682  256   -1.2270   33.9112  253.7889
2018  350.02650  258   -1.2190   33.9273  254.6266
2018  350.02616  260   -1.2116   33.9470  255.9970
2018  350.02584  262   -1.2057   33.9652  256.5063
2018  350.02550  264   -1.2032   33.9827  258.1131
2018  350.02520  266   -1.1984   34.0058  259.5178
2018  350.02496  268   -1.1824   34.0213  259.3646
2018  350.02471  270   -1.1550   34.0360  259.1030
2018  350.02444  272   -1.1420   34.0500  259.2833
2018  350.02414  274   -1.1308   34.0647  259.4357
2018  350.02385  276   -1.1127   34.0805  259.3874
2018  350.02362  278   -1.0954   34.0912  259.5734
2018  350.02342  280   -1.0835   34.1045  259.9708
2018  350.02320  282   -1.0665   34.1165  260.4283
2018  350.02298  284   -1.0584   34.1275  261.0443
2018  350.02280  286   -1.0491   34.1399  261.4964
2018  350.02264  288   -1.0320   34.1538  261.4082
2018  350.02249  290   -0.9936   34.1667  261.6983
2018  350.02234  292   -0.9660   34.1769  261.6331
2018  350.02219  294   -0.9447   34.1889  261.1423
2018  350.02205  296   -0.9142   34.1989  260.8008
2018  350.02194  298   -0.8764   34.2114  260.3275
2018  350.02182  300   -0.8434   34.2236  259.4219
2018  350.02171  302   -0.8019   34.2374  257.6171
2018  350.02160  304   -0.7449   34.2488  255.9831
2018  350.02149  306   -0.6744   34.2614  254.4333
2018  350.02139  308   -0.5625   34.2781  253.8137
2018  350.02130  310   -0.4674   34.2918  253.8764
2018  350.02119  312   -0.4561   34.3040  254.1129
2018  350.02109  314   -0.4520   34.3172  254.3372
2018  350.02100  316   -0.4318   34.3294  254.4178
2018  350.02091  318   -0.4046   34.3419  254.4391
2018  350.02081  320   -0.3820   34.3518  254.4727
2018  350.02071  322   -0.3540   34.3641  254.5145
2018  350.02062  324   -0.2987   34.3778  254.6084
2018  350.02053  326   -0.2766   34.3888  254.6782
2018  350.02043  328   -0.2709   34.3967  254.9125
2018  350.02034  330   -0.2183   34.4096  255.0072
2018  350.02025  332   -0.2000   34.4225  255.1546
2018  350.02017  334   -0.1560   34.4365  255.3240
2018  350.02008  336   -0.1113   34.4494  255.4872
2018  350.01998  338   -0.0897   34.4593  255.7625
2018  350.01989  340   -0.0594   34.4705  256.1121
2018  350.01981  342   -0.0219   34.4822  256.4921
2018  350.01971  344    0.0194   34.4955  256.8263
2018  350.01961  346    0.0727   34.5116  256.8823
2018  350.01953  348    0.0953   34.5190  257.0993
2018  350.01945  350    0.1065   34.5227  257.4994
2018  350.01935  352    0.1211   34.5294  257.9042
2018  350.01926  354    0.1364   34.5381  258.3352
2018  350.01917  356    0.1556   34.5462  258.7452
2018  350.01909  358    0.1839   34.5561  259.1357
2018  350.01900  360    0.2018   34.5638  259.5784
2018  350.01891  362    0.2351   34.5759  259.8628
2018  350.01881  364    0.2618   34.5861  260.2461
2018  350.01871  366    0.2875   34.5958  260.5623
2018  350.01861  368    0.3059   34.6038  260.9319
2018  350.01853  370    0.3249   34.6110  261.2951
2018  350.01845  372    0.3462   34.6195  261.6730
2018  350.01835  374    0.3710   34.6289  261.9771
2018  350.01826  376    0.3901   34.6364  262.2504
2018  350.01817  378    0.4131   34.6455  262.3738
2018  350.01809  380    0.4284   34.6519  262.5722
2018  350.01799  382    0.4374   34.6558  262.7817
2018  350.01789  384    0.4483   34.6612  263.0502
2018  350.01781  386    0.4574   34.6650  263.3916
2018  350.01773  388    0.4763   34.6718  263.6064
2018  350.01764  390    0.4862   34.6764  263.8619
2018  350.01755  392    0.4970   34.6804  264.1693
2018  350.01745  394    0.5102   34.6853  264.4887
2018  350.01736  396    0.5227   34.6901  264.7994
2018  350.01728  398    0.5362   34.6954  265.1145
2018  350.01720  400    0.5458   34.7014  265.2794
2018  350.01710  402    0.5634   34.7087  265.3242
2018  350.01701  404    0.5685   34.7110  265.2925
2018  350.01692  406    0.5698   34.7116  265.2553
2018  350.01684  408    0.5678   34.7120  265.3000
2018  350.01676  410    0.5658   34.7123  265.3528
2018  350.01667  412    0.5651   34.7124  265.4152
2018  350.01657  414    0.5651   34.7129  265.5997
2018  350.01648  416    0.5660   34.7136  265.8570
2018  350.01639  418    0.5743   34.7152  266.1381
2018  350.01631  420    0.5876   34.7187  266.3336
2018  350.01623  422    0.6037   34.7236  266.4665
2018  350.01613  424    0.6101   34.7257  266.7071
2018  350.01603  426    0.6211   34.7285  266.8474
2018  350.01595  428    0.6374   34.7334  266.8041
2018  350.01586  430    0.6368   34.7342  266.8471
2018  350.01578  432    0.6353   34.7343  266.7967
2018  350.01570  434    0.6338   34.7343  266.8201
2018  350.01560  436    0.6324   34.7345  266.8404
2018  350.01551  438    0.6302   34.7346  266.8478
2018  350.01542  440    0.6287   34.7346  266.8636
2018  350.01534  442    0.6281   34.7346  266.8713
2018  350.01525  444    0.6282   34.7346  266.8906
2018  350.01516  446    0.6283   34.7345  266.8717
2018  350.01506  448    0.6282   34.7345  266.8605
2018  350.01498  450    0.6275   34.7346  266.7945
2018  350.01489  452    0.6233   34.7346  266.8046
2018  350.01481  454    0.6221   34.7349  266.7919
2018  350.01473  456    0.6220   34.7352  266.8192
2018  350.01465  458    0.6220   34.7357  266.9437
2018  350.01455  460    0.6227   34.7364  267.1328
2018  350.01445  462    0.6411   34.7402  267.1342
2018  350.01437  464    0.6572   34.7442  267.0649
2018  350.01428  466    0.6711   34.7490  267.1612
2018  350.01420  468    0.6837   34.7543  267.5409
2018  350.01412  470    0.6874   34.7573  268.0639
2018  350.01402  472    0.7050   34.7611  268.2199
2018  350.01392  474    0.7168   34.7643  268.2527
2018  350.01384  476    0.7172   34.7650  268.3051
2018  350.01376  478    0.7173   34.7652  268.3096
2018  350.01367  480    0.7208   34.7657  268.2772
2018  350.01359  482    0.7217   34.7659  268.1907
2018  350.01349  484    0.7185   34.7659  268.2270
2018  350.01340  486    0.7117   34.7660  268.3396
2018  350.01331  488    0.7099   34.7662  268.4713
2018  350.01323  490    0.7149   34.7667  268.6110
2018  350.01314  492    0.7291   34.7681  268.5529
2018  350.01306  494    0.7314   34.7685  268.5233
2018  350.01296  496    0.7305   34.7687  268.5157
2018  350.01287  498    0.7300   34.7685  268.5201
2018  350.01278  500    0.7287   34.7686  268.5887
2018  350.01270  502    0.7273   34.7690  268.6496
2018  350.01262  504    0.7331   34.7699  268.6410
2018  350.01253  506    0.7445   34.7716  268.6483
2018  350.01245  508    0.7511   34.7729  268.5907
2018  350.01235  510    0.7533   34.7737  268.5717
2018  350.01225  512    0.7522   34.7735  268.6121
2018  350.01217  514    0.7509   34.7736  268.5806
2018  350.01209  516    0.7509   34.7735  268.5047
2018  350.01201  518    0.7482   34.7735  268.5123
2018  350.01192  520    0.7456   34.7734  268.5067
2018  350.01182  522    0.7438   34.7734  268.5135
2018  350.01173  524    0.7424   34.7734  268.4410
2018  350.01164  526    0.7415   34.7732  268.3912
2018  350.01156  528    0.7403   34.7732  268.3746
2018  350.01148  530    0.7387   34.7730  268.3732
2018  350.01139  532    0.7363   34.7731  268.3465
2018  350.01131  534    0.7352   34.7729  268.3064
2018  350.01121  536    0.7343   34.7730  268.3540
2018  350.01111  538    0.7332   34.7728  268.2760
2018  350.01103  540    0.7322   34.7730  268.2948
2018  350.01095  542    0.7313   34.7728  268.2767
2018  350.01086  544    0.7311   34.7728  268.2820
2018  350.01078  546    0.7306   34.7729  268.2372
2018  350.01070  548    0.7297   34.7728  268.3182
2018  350.01060  550    0.7272   34.7730  268.5413
2018  350.01051  552    0.7251   34.7733  268.8603
2018  350.01042  554    0.7299   34.7756  269.2207
2018  350.01034  556    0.7329   34.7771  269.5590
2018  350.01025  558    0.7402   34.7799  269.7845
2018  350.01017  560    0.7434   34.7815  269.9677
2018  350.01009  562    0.7428   34.7831  270.1963
2018  350.00999  564    0.7444   34.7838  270.5573
2018  350.00989  566    0.7447   34.7840  270.8902
2018  350.00981  568    0.7500   34.7864  271.0634
2018  350.00973  570    0.7520   34.7875  271.2291
2018  350.00965  572    0.7508   34.7876  271.2872
2018  350.00956  574    0.7539   34.7886  271.2512
2018  350.00948  576    0.7528   34.7891  271.1253
2018  350.00939  578    0.7469   34.7889  271.0776
2018  350.00930  580    0.7392   34.7894  271.0003
2018  350.00920  582    0.7324   34.7896  270.8772
2018  350.00912  584    0.7262   34.7895  270.7156
2018  350.00903  586    0.7204   34.7892  270.6749
2018  350.00895  588    0.7163   34.7889  270.6970
2018  350.00887  590    0.7084   34.7890  270.6642
2018  350.00878  592    0.7016   34.7893  270.6454
2018  350.00870  594    0.6963   34.7891  270.5616
2018  350.00860  596    0.6905   34.7893  270.4545
2018  350.00850  598    0.6851   34.7891  270.4895
2018  350.00842  600    0.6782   34.7890  270.6268
2018  350.00834  602    0.6724   34.7889  270.7868
2018  350.00826  604    0.6650   34.7893  270.8797
2018  350.00817  606    0.6665   34.7901  270.8171
2018  350.00809  608    0.6643   34.7903  270.7302
2018  350.00801  610    0.6571   34.7904  270.7059
2018  350.00791  612    0.6514   34.7901  270.7365
2018  350.00781  614    0.6454   34.7902  270.8717
2018  350.00773  616    0.6406   34.7901  271.0860
2018  350.00764  618    0.6384   34.7902  271.2643
2018  350.00756  620    0.6437   34.7907  271.2205
2018  350.00748  622    0.6374   34.7913  271.2004
2018  350.00739  624    0.6347   34.7912  271.1102
2018  350.00731  626    0.6333   34.7918  271.0316
2018  350.00723  628    0.6275   34.7917  270.9347
2018  350.00713  630    0.6214   34.7916  270.8151
2018  350.00703  632    0.6149   34.7914  270.6230
2018  350.00695  634    0.6104   34.7912  270.4844
2018  350.00687  636    0.6008   34.7910  270.3390
2018  350.00678  638    0.5923   34.7911  270.2528
2018  350.00670  640    0.5832   34.7912  270.1745
2018  350.00662  642    0.5778   34.7910  270.0733
2018  350.00653  644    0.5722   34.7910  270.0202
2018  350.00645  646    0.5644   34.7909  270.0716
2018  350.00635  648    0.5593   34.7908  270.2122
2018  350.00625  650    0.5563   34.7908  270.4819
2018  350.00617  652    0.5531   34.7910  270.9030
2018  350.00609  654    0.5525   34.7911  271.2576
2018  350.00600  656    0.5610   34.7920  271.4907
2018  350.00592  658    0.5530   34.7927  271.9468
2018  350.00584  660    0.5530   34.7930  272.3326
2018  350.00576  662    0.5500   34.7936  272.6355
2018  350.00567  664    0.5472   34.7939  272.7499
2018  350.00559  666    0.5456   34.7940  272.7909
2018  350.00551  668    0.5443   34.7940  272.8940
2018  350.00541  670    0.5401   34.7946  272.9369
2018  350.00531  672    0.5369   34.7949  273.0017
2018  350.00523  674    0.5339   34.7951  273.0538
2018  350.00514  676    0.5307   34.7954  273.1322
2018  350.00506  678    0.5271   34.7957  273.1978
2018  350.00498  680    0.5238   34.7960  273.1895
2018  350.00489  682    0.5194   34.7962  273.1882
2018  350.00481  684    0.5154   34.7968  273.1484
2018  350.00473  686    0.5112   34.7971  273.0838
2018  350.00465  688    0.5071   34.7975  273.0583
2018  350.00456  690    0.5042   34.7977  272.9602
2018  350.00448  692    0.5020   34.7978  272.8966
2018  350.00439  694    0.4977   34.7982  272.8170
2018  350.00430  696    0.4946   34.7983  272.8137
2018  350.00420  698    0.4917   34.7988  272.7165
2018  350.00412  700    0.4892   34.7988  272.6873
2018  350.00403  702    0.4864   34.7989  272.6357
2018  350.00395  704    0.4824   34.7993  272.6336
2018  350.00387  706    0.4787   34.7994  272.6923
2018  350.00378  708    0.4764   34.7997  272.7007
2018  350.00370  710    0.4731   34.7998  272.6918
2018  350.00361  712    0.4704   34.8000  272.6711
2018  350.00353  714    0.4662   34.8005  272.6583
2018  350.00345  716    0.4635   34.8006  272.6732
2018  350.00336  718    0.4620   34.8008  272.6980
2018  350.00328  720    0.4600   34.8008  272.7124
2018  350.00320  722    0.4570   34.8012  272.7333
2018  350.00312  724    0.4543   34.8013  272.7448
2018  350.00303  726    0.4520   34.8015  272.8087
2018  350.00295  728    0.4498   34.8015  272.8237
2018  350.00287  730    0.4462   34.8018  272.8505
2018  350.00278  732    0.4432   34.8019  272.9281
2018  350.00270  734    0.4406   34.8022  272.8895
2018  350.00260  736    0.4389   34.8022  272.9019
2018  350.00250  738    0.4355   34.8025  272.9174
2018  350.00242  740    0.4332   34.8024  272.9740
2018  350.00234  742    0.4302   34.8027  272.9792
2018  350.00225  744    0.4284   34.8027  272.9596
2018  350.00217  746    0.4250   34.8030  273.0162
2018  350.00209  748    0.4209   34.8031  272.9817
2018  350.00201  750    0.4178   34.8031  272.9797
2018  350.00192  752    0.4141   34.8034  273.0201
2018  350.00184  754    0.4119   34.8035  272.9911
2018  350.00178  756    0.4102   34.8037  272.9270
%endofdat
