%ITP 110, profile 428: year day longitude(E+) latitude(N+) ndepths
2019  112.25140  -134.9385  74.1782  354 0
%year day pressure(dbar) temperature(C) salinity oxygen(umol/kg)
2019  112.25178   54   -0.4785   29.1291  311.4294
2019  112.25184   56   -0.3600   29.0549  310.1370
2019  112.25193   58   -0.2577   29.1130  308.9134
2019  112.25202   60   -0.1599   29.2080  308.3678
2019  112.25212   62   -0.0664   29.3162  307.8363
2019  112.25220   64   -0.0087   29.4755  307.6103
2019  112.25229   66    0.0370   29.6418  307.8462
2019  112.25237   68    0.0685   29.8083  308.1774
2019  112.25245   70    0.0970   29.9673  308.0055
2019  112.25254   72    0.1264   30.1112  307.2381
2019  112.25263   74    0.1361   30.2539  306.1666
2019  112.25273   76    0.1113   30.4248  304.4108
2019  112.25282   78    0.1136   30.5293  302.0680
2019  112.25290   80    0.1723   30.5757  298.8222
2019  112.25298   82    0.1964   30.6585  295.5944
2019  112.25306   84    0.2067   30.7390  292.6562
2019  112.25315   86    0.2265   30.8131  289.9725
2019  112.25325   88    0.2499   30.8859  287.0313
2019  112.25334   90    0.2466   30.9813  284.0071
2019  112.25343   92    0.2249   31.0752  281.3725
2019  112.25351   94    0.1762   31.1893  278.8353
2019  112.25359   96    0.0986   31.3161  276.8358
2019  112.25368   98    0.0285   31.4159  275.2661
2019  112.25377  100    0.0363   31.4298  273.0759
2019  112.25387  102   -0.0026   31.4967  271.5971
2019  112.25395  104   -0.0647   31.5865  270.7041
2019  112.25404  106   -0.1163   31.6470  270.1545
2019  112.25412  108   -0.1468   31.6826  269.5333
2019  112.25422  110   -0.2028   31.7442  268.8465
2019  112.25431  112   -0.2620   31.8040  268.1659
2019  112.25440  114   -0.3146   31.8554  267.5406
2019  112.25448  116   -0.3735   31.9062  266.8442
2019  112.25456  118   -0.4451   31.9651  266.2311
2019  112.25466  120   -0.5230   32.0311  265.6266
2019  112.25476  122   -0.5963   32.0819  265.0319
2019  112.25484  124   -0.6677   32.1265  264.6094
2019  112.25493  126   -0.7357   32.1706  264.1884
2019  112.25501  128   -0.7906   32.1893  263.6425
2019  112.25511  130   -0.8450   32.2169  262.9616
2019  112.25520  132   -0.8960   32.2397  262.1355
2019  112.25529  134   -0.9399   32.2555  261.2053
2019  112.25537  136   -0.9769   32.2596  260.4130
2019  112.25547  138   -1.0019   32.2654  259.5630
2019  112.25556  140   -1.0379   32.2821  258.5170
2019  112.25565  142   -1.0624   32.2968  257.1888
2019  112.25573  144   -1.0872   32.3024  255.7512
2019  112.25583  146   -1.1057   32.3087  254.3508
2019  112.25593  148   -1.1199   32.3144  253.2332
2019  112.25601  150   -1.1412   32.3355  252.2586
2019  112.25609  152   -1.1569   32.3443  251.2206
2019  112.25618  154   -1.1724   32.3608  250.2703
2019  112.25627  156   -1.1909   32.3767  249.1891
2019  112.25637  158   -1.2087   32.3950  248.1033
2019  112.25645  160   -1.2280   32.4145  247.0844
2019  112.25654  162   -1.2494   32.4353  246.0900
2019  112.25662  164   -1.2638   32.4482  245.1681
2019  112.25672  166   -1.2786   32.4650  244.3054
2019  112.25681  168   -1.3156   32.5062  243.4759
2019  112.25690  170   -1.3536   32.5469  242.7846
2019  112.25698  172   -1.3773   32.5697  242.2145
2019  112.25708  174   -1.3990   32.5878  241.7150
2019  112.25718  176   -1.4209   32.6064  241.1206
2019  112.25726  178   -1.4454   32.6276  240.3654
2019  112.25734  180   -1.4492   32.6271  239.3982
2019  112.25743  182   -1.4697   32.6480  238.5569
2019  112.25752  184   -1.4809   32.6616  237.7576
2019  112.25762  186   -1.4831   32.6625  236.9885
2019  112.25770  188   -1.4869   32.6686  236.5602
2019  112.25779  190   -1.4825   32.6666  236.1319
2019  112.25788  192   -1.4825   32.6720  235.7786
2019  112.25798  194   -1.4880   32.6879  235.5977
2019  112.25806  196   -1.4946   32.7076  235.5082
2019  112.25815  198   -1.4963   32.7220  235.3755
2019  112.25825  200   -1.4847   32.7219  235.1836
2019  112.25834  202   -1.4776   32.7289  234.8413
2019  112.25843  204   -1.4738   32.7396  234.5392
2019  112.25851  206   -1.4760   32.7631  234.2208
2019  112.25859  208   -1.4768   32.7851  233.8638
2019  112.25869  210   -1.4700   32.8025  233.6553
2019  112.25879  212   -1.4604   32.8194  233.4333
2019  112.25887  214   -1.4567   32.8438  232.8602
2019  112.25897  216   -1.4556   32.8748  232.2449
2019  112.25907  218   -1.4478   32.9003  231.7618
2019  112.25915  220   -1.4337   32.9242  231.3497
2019  112.25923  222   -1.4183   32.9481  230.9565
2019  112.25933  224   -1.4002   32.9680  230.4771
2019  112.25943  226   -1.3733   32.9778  230.0418
2019  112.25951  228   -1.3470   32.9911  229.8797
2019  112.25959  230   -1.3247   33.0197  229.7495
2019  112.25969  232   -1.3013   33.0481  229.6767
2019  112.25979  234   -1.2725   33.0744  229.4608
2019  112.25987  236   -1.2411   33.0984  229.0370
2019  112.25995  238   -1.2082   33.1289  228.5431
2019  112.26005  240   -1.1762   33.1664  228.0399
2019  112.26015  242   -1.1418   33.2053  227.4352
2019  112.26023  244   -1.1109   33.2470  226.7289
2019  112.26032  246   -1.0842   33.2881  226.0004
2019  112.26041  248   -1.0584   33.3276  225.1848
2019  112.26051  250   -1.0319   33.3654  224.3381
2019  112.26059  252   -1.0029   33.3970  223.5123
2019  112.26068  254   -0.9694   33.4244  222.7749
2019  112.26077  256   -0.9302   33.4421  222.0416
2019  112.26087  258   -0.8862   33.4611  221.3084
2019  112.26095  260   -0.8535   33.4949  220.7288
2019  112.26105  262   -0.8190   33.5180  220.2698
2019  112.26115  264   -0.7717   33.5356  219.8183
2019  112.26123  266   -0.7328   33.5620  219.6278
2019  112.26133  268   -0.7039   33.6130  219.6930
2019  112.26143  270   -0.6767   33.6466  219.9562
2019  112.26151  272   -0.6428   33.6708  220.2844
2019  112.26159  274   -0.5995   33.6854  220.5149
2019  112.26169  276   -0.5667   33.7080  220.8692
2019  112.26179  278   -0.5442   33.7459  221.2274
2019  112.26187  280   -0.5321   33.7946  221.5498
2019  112.26197  282   -0.5388   33.8570  222.0686
2019  112.26206  284   -0.5291   33.8898  222.4639
2019  112.26215  286   -0.4906   33.8878  222.7366
2019  112.26223  288   -0.4386   33.8743  223.0009
2019  112.26233  290   -0.4045   33.8873  223.3875
2019  112.26243  292   -0.3780   33.9131  223.8689
2019  112.26251  294   -0.3646   33.9431  224.3537
2019  112.26261  296   -0.3094   33.9251  224.4157
2019  112.26270  298   -0.2407   33.8945  224.3609
2019  112.26279  300   -0.1972   33.8978  224.2871
2019  112.26287  302   -0.1626   33.9076  224.2481
2019  112.26297  304   -0.1330   33.9337  224.1167
2019  112.26306  306   -0.1011   33.9549  224.0974
2019  112.26315  308   -0.0572   33.9667  224.0186
2019  112.26325  310   -0.0196   33.9936  224.0047
2019  112.26334  312    0.0031   34.0202  224.0532
2019  112.26343  314    0.0187   34.0497  223.9583
2019  112.26351  316    0.0462   34.0700  223.8317
2019  112.26361  318    0.0814   34.0814  223.7620
2019  112.26370  320    0.1118   34.0954  223.8765
2019  112.26379  322    0.1385   34.1098  223.9701
2019  112.26388  324    0.1659   34.1248  224.0877
2019  112.26398  326    0.1864   34.1538  224.3256
2019  112.26407  328    0.2071   34.1738  224.5574
2019  112.26416  330    0.2308   34.1881  224.7703
2019  112.26426  332    0.2456   34.2144  225.0404
2019  112.26434  334    0.2492   34.2495  225.4937
2019  112.26444  336    0.2602   34.2683  225.9196
2019  112.26454  338    0.2835   34.2757  226.1677
2019  112.26462  340    0.3047   34.2860  226.5047
2019  112.26472  342    0.3253   34.2960  226.9539
2019  112.26481  344    0.3431   34.3100  227.3365
2019  112.26490  346    0.3592   34.3250  227.5551
2019  112.26499  348    0.3711   34.3425  227.8126
2019  112.26509  350    0.3887   34.3546  228.0751
2019  112.26518  352    0.4120   34.3563  228.3564
2019  112.26527  354    0.4357   34.3565  228.5888
2019  112.26537  356    0.4521   34.3645  228.6641
2019  112.26546  358    0.4660   34.3802  228.7101
2019  112.26555  360    0.4768   34.3998  228.7828
2019  112.26565  362    0.4834   34.4190  228.9937
2019  112.26573  364    0.4914   34.4344  229.3237
2019  112.26583  366    0.5001   34.4489  229.6699
2019  112.26593  368    0.5097   34.4607  230.0237
2019  112.26601  370    0.5196   34.4705  230.4728
2019  112.26611  372    0.5299   34.4792  230.7982
2019  112.26620  374    0.5399   34.4839  230.9765
2019  112.26629  376    0.5493   34.4909  231.0269
2019  112.26638  378    0.5578   34.5036  231.2440
2019  112.26648  380    0.5637   34.5151  231.6156
2019  112.26657  382    0.5659   34.5279  231.9994
2019  112.26666  384    0.5662   34.5451  232.3077
2019  112.26676  386    0.5677   34.5574  232.6373
2019  112.26684  388    0.5684   34.5687  233.0728
2019  112.26694  390    0.5752   34.5715  233.4660
2019  112.26704  392    0.5856   34.5695  233.7070
2019  112.26712  394    0.5934   34.5711  233.8067
2019  112.26722  396    0.6007   34.5743  233.9716
2019  112.26731  398    0.6068   34.5791  234.0475
2019  112.26740  400    0.6133   34.5829  234.0939
2019  112.26748  402    0.6194   34.5880  234.2259
2019  112.26758  404    0.6230   34.5940  234.4702
2019  112.26768  406    0.6289   34.5978  234.5856
2019  112.26776  408    0.6308   34.6048  234.5646
2019  112.26786  410    0.6341   34.6119  234.7884
2019  112.26796  412    0.6321   34.6233  235.1311
2019  112.26804  414    0.6306   34.6317  235.4406
2019  112.26813  416    0.6291   34.6391  235.6059
2019  112.26823  418    0.6277   34.6455  235.7468
2019  112.26831  420    0.6271   34.6504  235.9920
2019  112.26841  422    0.6287   34.6524  236.2051
2019  112.26851  424    0.6331   34.6502  236.3013
2019  112.26859  426    0.6388   34.6466  236.2734
2019  112.26869  428    0.6496   34.6391  236.2000
2019  112.26879  430    0.6623   34.6306  236.1674
2019  112.26887  432    0.6732   34.6260  236.2189
2019  112.26897  434    0.6855   34.6234  236.1477
2019  112.26907  436    0.6911   34.6285  236.2545
2019  112.26915  438    0.6958   34.6347  236.2942
2019  112.26924  440    0.7005   34.6400  236.3407
2019  112.26934  442    0.7063   34.6448  236.4751
2019  112.26943  444    0.7118   34.6485  236.6472
2019  112.26952  446    0.7166   34.6528  236.8933
2019  112.26962  448    0.7166   34.6615  237.1205
2019  112.26970  450    0.7163   34.6694  237.2074
2019  112.26979  452    0.7168   34.6771  237.3297
2019  112.26988  454    0.7170   34.6832  237.7293
2019  112.26998  456    0.7177   34.6869  237.9925
2019  112.27007  458    0.7191   34.6892  238.0906
2019  112.27016  460    0.7210   34.6909  238.0651
2019  112.27026  462    0.7236   34.6920  238.0402
2019  112.27036  464    0.7267   34.6922  237.9514
2019  112.27046  466    0.7281   34.6943  237.7753
2019  112.27054  468    0.7314   34.6949  237.6980
2019  112.27063  470    0.7339   34.6961  237.8329
2019  112.27073  472    0.7361   34.6984  238.0236
2019  112.27081  474    0.7399   34.6984  238.2659
2019  112.27091  476    0.7449   34.6970  238.5102
2019  112.27101  478    0.7504   34.6955  238.6260
2019  112.27109  480    0.7514   34.6996  238.8440
2019  112.27119  482    0.7514   34.7046  238.9867
2019  112.27129  484    0.7510   34.7090  238.9762
2019  112.27137  486    0.7500   34.7134  238.9484
2019  112.27145  488    0.7485   34.7178  238.9560
2019  112.27155  490    0.7467   34.7223  238.8690
2019  112.27165  492    0.7451   34.7258  238.9876
2019  112.27173  494    0.7436   34.7289  239.0837
2019  112.27183  496    0.7431   34.7302  239.2658
2019  112.27193  498    0.7416   34.7326  239.4774
2019  112.27201  500    0.7398   34.7349  239.5772
2019  112.27211  502    0.7381   34.7371  239.6121
2019  112.27220  504    0.7368   34.7385  239.6390
2019  112.27229  506    0.7354   34.7398  239.5424
2019  112.27238  508    0.7344   34.7406  239.5321
2019  112.27248  510    0.7332   34.7414  239.5350
2019  112.27257  512    0.7320   34.7425  239.4974
2019  112.27266  514    0.7307   34.7434  239.4150
2019  112.27276  516    0.7294   34.7445  239.3667
2019  112.27284  518    0.7279   34.7460  239.2591
2019  112.27294  520    0.7287   34.7440  239.0983
2019  112.27304  522    0.7311   34.7405  239.1437
2019  112.27312  524    0.7337   34.7372  239.2913
2019  112.27320  526    0.7362   34.7347  239.4033
2019  112.27330  528    0.7382   34.7338  239.5258
2019  112.27340  530    0.7412   34.7324  239.3517
2019  112.27350  532    0.7440   34.7314  238.9754
2019  112.27359  534    0.7460   34.7315  238.8721
2019  112.27368  536    0.7477   34.7324  238.9315
2019  112.27377  538    0.7490   34.7339  239.0372
2019  112.27387  540    0.7501   34.7355  239.1052
2019  112.27395  542    0.7511   34.7372  239.1717
2019  112.27405  544    0.7511   34.7403  239.4833
2019  112.27415  546    0.7511   34.7429  239.8176
2019  112.27423  548    0.7503   34.7459  240.0820
2019  112.27433  550    0.7481   34.7503  240.3773
2019  112.27443  552    0.7454   34.7549  240.5307
2019  112.27451  554    0.7432   34.7586  240.4960
2019  112.27461  556    0.7405   34.7619  240.6295
2019  112.27470  558    0.7373   34.7656  241.1213
2019  112.27480  560    0.7327   34.7705  241.5409
2019  112.27490  562    0.7279   34.7745  241.7272
2019  112.27498  564    0.7225   34.7787  242.0127
2019  112.27507  566    0.7159   34.7835  242.4229
2019  112.27516  568    0.7093   34.7882  242.7619
2019  112.27526  570    0.7032   34.7914  242.8940
2019  112.27534  572    0.6975   34.7935  242.8879
2019  112.27544  574    0.6922   34.7951  243.0185
2019  112.27554  576    0.6864   34.7972  243.0969
2019  112.27562  578    0.6812   34.7983  243.0388
2019  112.27572  580    0.6769   34.7984  242.9707
2019  112.27581  582    0.6706   34.7998  242.9017
2019  112.27590  584    0.6649   34.8013  242.9940
2019  112.27600  586    0.6596   34.8018  243.0566
2019  112.27609  588    0.6533   34.8043  243.0976
2019  112.27618  590    0.6480   34.8054  243.0578
2019  112.27627  592    0.6444   34.8042  242.9099
2019  112.27637  594    0.6411   34.8030  242.7984
2019  112.27645  596    0.6372   34.8031  242.7469
2019  112.27655  598    0.6328   34.8026  242.6418
2019  112.27665  600    0.6286   34.8025  242.6833
2019  112.27673  602    0.6235   34.8043  242.7784
2019  112.27681  604    0.6189   34.8050  242.8198
2019  112.27691  606    0.6143   34.8057  242.7882
2019  112.27701  608    0.6081   34.8078  242.8722
2019  112.27709  610    0.6019   34.8099  242.9085
2019  112.27719  612    0.5964   34.8098  243.0554
2019  112.27729  614    0.5909   34.8099  243.2990
2019  112.27737  616    0.5845   34.8118  243.3508
2019  112.27747  618    0.5782   34.8135  243.4623
2019  112.27758  620    0.5739   34.8169  243.2286
2019  112.27768  622    0.5692   34.8152  242.1643
2019  112.27777  624    0.5649   34.8125  241.6766
2019  112.27787  626    0.5612   34.8090  242.1017
2019  112.27796  628    0.5572   34.8064  242.6803
2019  112.27804  630    0.5529   34.8058  243.1719
2019  112.27813  632    0.5479   34.8054  243.3785
2019  112.27823  634    0.5426   34.8055  243.5312
2019  112.27831  636    0.5400   34.8033  243.6099
2019  112.27841  638    0.5376   34.8015  243.5286
2019  112.27851  640    0.5365   34.7977  243.3136
2019  112.27859  642    0.5347   34.7963  243.3234
2019  112.27868  644    0.5330   34.7954  243.2668
2019  112.27877  646    0.5296   34.7958  243.1126
2019  112.27887  648    0.5248   34.7986  243.0801
2019  112.27895  650    0.5220   34.7986  243.1865
2019  112.27904  652    0.5203   34.7970  243.2512
2019  112.27913  654    0.5181   34.7964  243.4489
2019  112.27923  656    0.5152   34.7972  243.6766
2019  112.27931  658    0.5114   34.7983  243.7765
2019  112.27940  660    0.5089   34.7979  243.8489
2019  112.27950  662    0.5076   34.7964  244.1323
2019  112.27959  664    0.5045   34.7971  244.2728
2019  112.27968  666    0.5021   34.7973  244.4123
2019  112.27977  668    0.5008   34.7958  244.4199
2019  112.27987  670    0.4993   34.7950  244.4220
2019  112.27995  672    0.4960   34.7963  244.4665
2019  112.28004  674    0.4919   34.7991  244.5406
2019  112.28013  676    0.4877   34.8012  244.5561
2019  112.28023  678    0.4850   34.8013  244.5342
2019  112.28032  680    0.4820   34.8018  244.6970
2019  112.28041  682    0.4790   34.8029  244.7725
2019  112.28051  684    0.4755   34.8034  244.6352
2019  112.28059  686    0.4727   34.8036  244.6745
2019  112.28068  688    0.4694   34.8045  244.8231
2019  112.28077  690    0.4659   34.8057  244.7999
2019  112.28087  692    0.4635   34.8049  244.7644
2019  112.28095  694    0.4619   34.8037  244.7231
2019  112.28104  696    0.4597   34.8028  244.6712
2019  112.28113  698    0.4576   34.8031  244.6590
2019  112.28123  700    0.4551   34.8024  244.4854
2019  112.28132  702    0.4525   34.8026  244.4241
2019  112.28140  704    0.4504   34.8020  244.4834
2019  112.28150  706    0.4482   34.8018  244.6061
2019  112.28159  708    0.4458   34.8023  244.7337
2019  112.28167  710    0.4430   34.8034  244.7611
2019  112.28176  712    0.4398   34.8044  244.7259
2019  112.28186  714    0.4367   34.8050  244.6875
2019  112.28195  716    0.4339   34.8053  244.8902
2019  112.28204  718    0.4311   34.8057  245.0260
2019  112.28214  720    0.4286   34.8058  245.1196
2019  112.28223  722    0.4262   34.8054  245.1245
2019  112.28231  724    0.4244   34.8043  245.1379
2019  112.28240  726    0.4233   34.8030  245.3363
2019  112.28249  728    0.4212   34.8025  245.4374
2019  112.28259  730    0.4183   34.8034  245.5182
2019  112.28268  732    0.4155   34.8038  245.6742
2019  112.28276  734    0.4128   34.8048  245.8775
2019  112.28286  736    0.4110   34.8046  245.9236
2019  112.28296  738    0.4083   34.8053  245.8229
2019  112.28304  740    0.4054   34.8063  245.7537
2019  112.28312  742    0.4021   34.8070  245.6829
2019  112.28322  744    0.3995   34.8075  245.7726
2019  112.28331  746    0.3971   34.8079  245.7837
2019  112.28340  748    0.3946   34.8079  245.7229
2019  112.28350  750    0.3921   34.8078  245.7153
2019  112.28359  752    0.3888   34.8083  245.8074
2019  112.28368  754    0.3853   34.8096  245.9659
2019  112.28376  756    0.3832   34.8096  246.0965
2019  112.28386  758    0.3813   34.8092  246.0824
2019  112.28394  760    0.3803   34.7209  235.4115
%endofdat
