%ITP 110, profile 547: year day longitude(E+) latitude(N+) ndepths
2019  172.00141  -143.0966  74.1495  338 0
%year day pressure(dbar) temperature(C) salinity oxygen(umol/kg)
2019  172.06435   76    0.0085   29.9690  347.6219
2019  172.06450   78    0.0920   30.1021  344.8956
2019  172.06412   80    0.1163   30.1917  343.8961
2019  172.06140   82    0.0984   30.2865  342.5002
2019  172.06115   84   -0.0053   30.5222  334.3236
2019  172.06087   86   -0.0279   30.6154  330.7519
2019  172.06062   88   -0.0270   30.6833  326.4012
2019  172.06038   90   -0.0510   30.7592  322.8891
2019  172.06013   92   -0.0806   30.8122  319.7376
2019  172.05988   94   -0.1148   30.8713  316.4244
2019  172.05965   96   -0.1457   30.9353  313.5626
2019  172.05942   98   -0.1506   30.9837  311.4580
2019  172.05917  100   -0.1736   31.0309  309.5190
2019  172.05891  102   -0.3188   31.0771  307.4150
2019  172.05867  104   -0.3122   31.1316  304.3861
2019  172.05840  106   -0.2406   31.1801  302.7596
2019  172.05809  108   -0.2866   31.2209  301.8129
2019  172.05781  110   -0.2979   31.2569  300.5042
2019  172.05755  112   -0.2984   31.2955  299.6962
2019  172.05731  114   -0.4342   31.3423  300.2535
2019  172.05709  116   -0.6334   31.3824  300.2608
2019  172.05687  118   -0.6936   31.4260  298.3729
2019  172.05662  120   -0.7311   31.4867  296.5069
2019  172.05634  122   -0.7322   31.5263  294.0993
2019  172.05609  124   -0.7107   31.5644  292.2213
2019  172.05584  126   -0.7580   31.5996  291.2703
2019  172.05556  128   -0.8146   31.6274  290.4417
2019  172.05523  130   -0.8711   31.6578  289.2218
2019  172.05492  132   -0.9150   31.6876  287.8561
2019  172.05466  134   -0.9285   31.7099  286.8687
2019  172.05435  136   -0.9256   31.7316  285.3997
2019  172.05397  138   -0.9312   31.7574  283.7732
2019  172.05354  140   -0.9145   31.7831  281.6148
2019  172.05317  142   -0.9429   31.8108  280.5256
2019  172.05281  144   -0.9875   31.8324  280.5874
2019  172.05249  146   -1.1064   31.8626  281.1783
2019  172.05227  148   -1.1745   31.8953  280.1508
2019  172.05205  150   -1.1918   31.9269  278.6834
2019  172.05178  152   -1.2046   31.9545  277.4366
2019  172.05149  154   -1.2190   31.9805  276.5132
2019  172.05119  156   -1.2283   32.0015  275.2281
2019  172.05091  158   -1.2356   32.0206  274.5874
2019  172.05065  160   -1.2590   32.0433  273.9280
2019  172.05037  162   -1.2672   32.0615  273.3129
2019  172.05008  164   -1.2798   32.0809  273.1192
2019  172.04978  166   -1.2971   32.0984  273.3247
2019  172.04947  168   -1.3189   32.1192  272.6504
2019  172.04913  170   -1.3244   32.1387  272.0458
2019  172.04878  172   -1.3349   32.1580  271.6070
2019  172.04835  174   -1.3458   32.1796  270.9841
2019  172.04797  176   -1.3498   32.2014  269.4197
2019  172.04770  178   -1.3509   32.2216  268.7041
2019  172.04747  180   -1.3623   32.2388  268.3454
2019  172.04722  182   -1.3674   32.2527  267.7379
2019  172.04694  184   -1.3728   32.2669  267.5562
2019  172.04663  186   -1.3824   32.2829  266.2041
2019  172.04637  188   -1.3802   32.2967  264.6030
2019  172.04613  190   -1.3864   32.3128  264.0648
2019  172.04588  192   -1.3919   32.3254  263.6519
2019  172.04566  194   -1.3982   32.3387  263.0425
2019  172.04545  196   -1.4044   32.3554  262.3778
2019  172.04521  198   -1.4081   32.3679  261.8174
2019  172.04495  200   -1.4135   32.3831  261.3041
2019  172.04469  202   -1.4200   32.4032  260.7548
2019  172.04444  204   -1.4270   32.4248  260.3963
2019  172.04417  206   -1.4315   32.4391  260.0946
2019  172.04386  208   -1.4352   32.4583  259.0851
2019  172.04351  210   -1.4386   32.4820  257.9325
2019  172.04319  212   -1.4428   32.5054  257.2992
2019  172.04290  214   -1.4454   32.5233  256.9099
2019  172.04259  216   -1.4491   32.5452  256.3404
2019  172.04229  218   -1.4543   32.5762  255.8342
2019  172.04201  220   -1.4574   32.6042  255.5629
2019  172.04173  222   -1.4587   32.6293  255.2567
2019  172.04144  224   -1.4570   32.6514  254.8230
2019  172.04112  226   -1.4594   32.6743  254.3898
2019  172.04076  228   -1.4610   32.7012  253.9361
2019  172.04042  230   -1.4529   32.7268  253.5127
2019  172.04016  232   -1.4470   32.7513  253.0227
2019  172.03987  234   -1.4422   32.7903  252.4223
2019  172.03958  236   -1.4273   32.8357  251.7891
2019  172.03934  238   -1.4185   32.8754  251.3398
2019  172.03910  240   -1.4003   32.9124  251.0441
2019  172.03883  242   -1.3855   32.9432  250.7199
2019  172.03851  244   -1.3621   32.9790  250.3223
2019  172.03819  246   -1.3506   33.0004  249.9248
2019  172.03790  248   -1.3286   33.0440  249.2370
2019  172.03763  250   -1.3032   33.0924  248.5789
2019  172.03737  252   -1.2873   33.1352  248.1204
2019  172.03705  254   -1.2737   33.1734  247.5221
2019  172.03676  256   -1.2481   33.2166  246.8924
2019  172.03655  258   -1.2200   33.2538  246.4376
2019  172.03634  260   -1.1912   33.3014  246.0146
2019  172.03615  262   -1.1884   33.3472  245.6635
2019  172.03597  264   -1.1797   33.3801  245.2531
2019  172.03579  266   -1.1488   33.4244  244.7986
2019  172.03562  268   -1.1028   33.4612  244.5192
2019  172.03544  270   -1.0694   33.4947  244.2473
2019  172.03526  272   -1.0395   33.5275  244.1106
2019  172.03509  274   -1.0238   33.5671  244.0127
2019  172.03492  276   -0.9877   33.6083  244.0281
2019  172.03476  278   -0.9496   33.6432  244.2516
2019  172.03458  280   -0.8848   33.6851  244.4655
2019  172.03440  282   -0.8170   33.7208  244.5981
2019  172.03423  284   -0.8365   33.7495  244.8157
2019  172.03405  286   -0.8051   33.7738  244.9548
2019  172.03384  288   -0.7254   33.8067  245.4569
2019  172.03363  290   -0.6713   33.8457  246.1988
2019  172.03344  292   -0.6279   33.8751  246.7920
2019  172.03324  294   -0.5860   33.9027  247.4546
2019  172.03306  296   -0.5516   33.9287  248.2072
2019  172.03288  298   -0.5185   33.9542  248.7656
2019  172.03269  300   -0.4958   33.9720  249.2155
2019  172.03249  302   -0.4665   33.9891  249.6241
2019  172.03228  304   -0.4365   34.0093  250.0344
2019  172.03208  306   -0.3972   34.0323  250.4751
2019  172.03188  308   -0.3534   34.0547  250.7912
2019  172.03170  310   -0.3241   34.0720  251.1277
2019  172.03152  312   -0.2954   34.0896  251.3696
2019  172.03134  314   -0.2687   34.1036  251.6468
2019  172.03115  316   -0.2432   34.1163  251.8381
2019  172.03094  318   -0.2074   34.1307  252.0196
2019  172.03074  320   -0.1817   34.1428  252.2263
2019  172.03056  322   -0.1590   34.1553  252.4140
2019  172.03038  324   -0.1430   34.1662  252.6161
2019  172.03022  326   -0.1260   34.1753  252.8614
2019  172.03006  328   -0.1063   34.1832  253.0658
2019  172.02990  330   -0.0718   34.1958  253.5863
2019  172.02973  332   -0.0420   34.2090  253.9691
2019  172.02956  334   -0.0146   34.2198  253.9946
2019  172.02940  336    0.0029   34.2299  253.9997
2019  172.02923  338    0.0203   34.2388  254.0329
2019  172.02908  340    0.0392   34.2462  254.1018
2019  172.02894  342    0.0571   34.2552  254.1137
2019  172.02878  344    0.0808   34.2640  254.3484
2019  172.02862  346    0.1131   34.2746  254.5193
2019  172.02845  348    0.1373   34.2847  254.7247
2019  172.02830  350    0.1539   34.2927  254.9772
2019  172.02815  352    0.1687   34.3001  255.1899
2019  172.02798  354    0.1870   34.3073  255.3690
2019  172.02780  356    0.2025   34.3147  255.7449
2019  172.02760  358    0.2197   34.3212  255.8816
2019  172.02738  360    0.2377   34.3285  255.9124
2019  172.02715  362    0.2482   34.3355  255.9069
2019  172.02694  364    0.2629   34.3433  256.1335
2019  172.02676  366    0.2838   34.3518  256.5073
2019  172.02658  368    0.3009   34.3600  256.7625
2019  172.02640  370    0.3251   34.3681  256.8544
2019  172.02620  372    0.3445   34.3758  256.6752
2019  172.02601  374    0.3604   34.3822  256.2584
2019  172.02583  376    0.3724   34.3886  255.8077
2019  172.02566  378    0.3853   34.3941  255.7539
2019  172.02549  380    0.4045   34.4026  255.9264
2019  172.02531  382    0.4189   34.4094  256.5559
2019  172.02513  384    0.4330   34.4158  257.7975
2019  172.02495  386    0.4481   34.4216  257.7942
2019  172.02478  388    0.4573   34.4254  258.0521
2019  172.02460  390    0.4664   34.4294  258.0197
2019  172.02442  392    0.4722   34.4324  257.8566
2019  172.02426  394    0.4819   34.4365  257.8670
2019  172.02410  396    0.4933   34.4409  258.2530
2019  172.02395  398    0.5049   34.4458  258.0509
2019  172.02380  400    0.5098   34.4493  258.3293
2019  172.02365  402    0.5170   34.4532  258.4108
2019  172.02349  404    0.5280   34.4577  258.8595
2019  172.02334  406    0.5389   34.4624  259.4268
2019  172.02317  408    0.5495   34.4672  260.1411
2019  172.02301  410    0.5599   34.4714  260.9952
2019  172.02283  412    0.5695   34.4759  261.5492
2019  172.02262  414    0.5759   34.4789  261.8050
2019  172.02244  416    0.5779   34.4801  261.3780
2019  172.02228  418    0.5861   34.4830  261.3068
2019  172.02212  420    0.5882   34.4855  261.7776
2019  172.02197  422    0.5928   34.4880  262.3462
2019  172.02181  424    0.6006   34.4906  262.5730
2019  172.02166  426    0.6044   34.4923  262.6561
2019  172.02151  428    0.6074   34.4944  262.8935
2019  172.02134  430    0.6133   34.4967  263.0148
2019  172.02119  432    0.6148   34.4983  263.0123
2019  172.02105  434    0.6206   34.5008  263.2606
2019  172.02090  436    0.6245   34.5034  263.4552
2019  172.02074  438    0.6258   34.5049  263.6465
2019  172.02060  440    0.6310   34.5069  263.7984
2019  172.02047  442    0.6315   34.5085  263.7229
2019  172.02031  444    0.6332   34.5098  263.1833
2019  172.02015  446    0.6347   34.5122  262.6831
2019  172.01999  448    0.6383   34.5145  262.4644
2019  172.01984  450    0.6430   34.5166  262.5672
2019  172.01969  452    0.6504   34.5205  262.2572
2019  172.01954  454    0.6533   34.5230  262.2410
2019  172.01937  456    0.6605   34.5269  262.5992
2019  172.01922  458    0.6674   34.5306  262.6020
2019  172.01906  460    0.6717   34.5337  262.8628
2019  172.01890  462    0.6784   34.5388  263.4010
2019  172.01874  464    0.6841   34.5429  263.8957
2019  172.01860  466    0.6907   34.5466  264.4133
2019  172.01845  468    0.6963   34.5499  264.7525
2019  172.01830  470    0.6997   34.5534  264.9201
2019  172.01816  472    0.6995   34.5544  265.3276
2019  172.01802  474    0.7044   34.5579  265.6130
2019  172.01788  476    0.7064   34.5608  265.7605
2019  172.01774  478    0.7068   34.5627  265.7501
2019  172.01760  480    0.7065   34.5647  265.7885
2019  172.01745  482    0.7064   34.5675  265.7411
2019  172.01730  484    0.7067   34.5696  265.7533
2019  172.01716  486    0.7100   34.5715  265.6890
2019  172.01702  488    0.7113   34.5744  265.3269
2019  172.01687  490    0.7126   34.5781  265.2528
2019  172.01673  492    0.7145   34.5811  265.2977
2019  172.01659  494    0.7173   34.5854  265.4891
2019  172.01644  496    0.7207   34.5904  265.7751
2019  172.01630  498    0.7241   34.5949  266.0623
2019  172.01616  500    0.7246   34.5989  266.4748
2019  172.01602  502    0.7269   34.6026  266.7062
2019  172.01588  504    0.7288   34.6065  266.8431
2019  172.01574  506    0.7302   34.6107  267.0082
2019  172.01560  508    0.7312   34.6147  267.2000
2019  172.01547  510    0.7328   34.6183  267.2299
2019  172.01533  512    0.7328   34.6216  267.1907
2019  172.01520  514    0.7320   34.6245  267.1708
2019  172.01508  516    0.7304   34.6270  267.1319
2019  172.01495  518    0.7284   34.6289  267.0749
2019  172.01483  520    0.7262   34.6302  267.0796
2019  172.01469  522    0.7245   34.6308  267.0544
2019  172.01455  524    0.7232   34.6312  267.0827
2019  172.01441  526    0.7224   34.6316  267.1101
2019  172.01429  528    0.7221   34.6316  267.1040
2019  172.01416  530    0.7222   34.6316  267.0009
2019  172.01402  532    0.7205   34.6316  266.8346
2019  172.01389  534    0.7188   34.6311  266.5921
2019  172.01377  536    0.7152   34.6308  266.3595
2019  172.01363  538    0.7101   34.6305  266.0833
2019  172.01351  540    0.7043   34.6302  265.7638
2019  172.01338  542    0.6993   34.6297  265.6473
2019  172.01324  544    0.6980   34.6305  265.8615
2019  172.01312  546    0.6984   34.6310  266.2063
2019  172.01299  548    0.7011   34.6317  266.5334
2019  172.01285  550    0.7014   34.6325  266.8631
2019  172.01273  552    0.7012   34.6329  267.2035
2019  172.01262  554    0.7040   34.6340  267.4049
2019  172.01249  556    0.7033   34.6341  267.5279
2019  172.01237  558    0.7035   34.6348  267.5079
2019  172.01226  560    0.7005   34.6338  267.5733
2019  172.01215  562    0.6965   34.6331  267.7836
2019  172.01202  564    0.6960   34.6324  268.0894
2019  172.01190  566    0.6960   34.6330  268.3901
2019  172.01179  568    0.6967   34.6318  268.5323
2019  172.01167  570    0.6966   34.6321  268.6083
2019  172.01155  572    0.6925   34.6308  268.9500
2019  172.01142  574    0.6906   34.6307  269.2131
2019  172.01130  576    0.6904   34.6297  269.2757
2019  172.01117  578    0.6872   34.6299  269.2233
2019  172.01105  580    0.6834   34.6276  269.1605
2019  172.01092  582    0.6802   34.6252  269.0609
2019  172.01081  584    0.6755   34.6249  268.9922
2019  172.01070  586    0.6716   34.6236  268.9624
2019  172.01058  588    0.6669   34.6221  268.8962
2019  172.01045  590    0.6612   34.6214  268.9209
2019  172.01034  592    0.6555   34.6195  269.0090
2019  172.01023  594    0.6526   34.6179  268.9652
2019  172.01010  596    0.6472   34.6171  268.9044
2019  172.00998  598    0.6394   34.6144  268.8978
2019  172.00987  600    0.6341   34.6137  268.9787
2019  172.00974  602    0.6291   34.6114  269.2977
2019  172.00962  604    0.6292   34.6099  269.5005
2019  172.00951  606    0.6293   34.6104  269.5045
2019  172.00940  608    0.6235   34.6065  269.6317
2019  172.00929  610    0.6201   34.6065  269.6447
2019  172.00917  612    0.6156   34.6046  269.7856
2019  172.00905  614    0.6123   34.6027  269.9089
2019  172.00892  616    0.6089   34.6008  270.0933
2019  172.00881  618    0.6050   34.5986  270.2878
2019  172.00870  620    0.6030   34.5980  270.2316
2019  172.00859  622    0.5995   34.5959  270.2413
2019  172.00848  624    0.5953   34.5921  270.2152
2019  172.00837  626    0.5918   34.5902  270.1771
2019  172.00826  628    0.5884   34.5880  270.1035
2019  172.00815  630    0.5839   34.5855  270.0867
2019  172.00804  632    0.5793   34.5841  270.0740
2019  172.00792  634    0.5758   34.5805  270.0417
2019  172.00781  636    0.5726   34.5778  270.0599
2019  172.00770  638    0.5690   34.5758  269.9893
2019  172.00759  640    0.5642   34.5736  269.9765
2019  172.00748  642    0.5606   34.5704  269.9272
2019  172.00737  644    0.5564   34.5687  269.9769
2019  172.00726  646    0.5533   34.5668  269.8575
2019  172.00715  648    0.5491   34.5630  269.7626
2019  172.00702  650    0.5448   34.5619  269.6693
2019  172.00691  652    0.5397   34.5597  269.5436
2019  172.00681  654    0.5354   34.5579  269.6099
2019  172.00670  656    0.5321   34.5560  269.7030
2019  172.00659  658    0.5294   34.5555  269.8698
2019  172.00648  660    0.5273   34.5539  270.0998
2019  172.00638  662    0.5239   34.5533  270.2123
2019  172.00628  664    0.5217   34.5530  270.1618
2019  172.00617  666    0.5164   34.5527  270.2608
2019  172.00606  668    0.5111   34.5521  270.5123
2019  172.00595  670    0.5099   34.5520  270.7216
2019  172.00584  672    0.5096   34.5521  270.7713
2019  172.00573  674    0.5087   34.5521  270.8660
2019  172.00562  676    0.5049   34.5520  270.9223
2019  172.00552  678    0.5034   34.5523  270.8855
2019  172.00542  680    0.5009   34.5523  271.0004
2019  172.00531  682    0.4979   34.5524  271.0898
2019  172.00520  684    0.4949   34.5531  271.1096
2019  172.00509  686    0.4924   34.5534  271.0451
2019  172.00498  688    0.4895   34.5537  270.9461
2019  172.00488  690    0.4856   34.5541  270.9688
2019  172.00479  692    0.4824   34.5543  270.9549
2019  172.00467  694    0.4782   34.5549  270.9509
2019  172.00456  696    0.4756   34.5553  270.8088
2019  172.00445  698    0.4708   34.5557  270.8157
2019  172.00434  700    0.4684   34.5559  270.8275
2019  172.00423  702    0.4646   34.5562  270.8624
2019  172.00412  704    0.4629   34.5568  270.8846
2019  172.00402  706    0.4609   34.5568  270.9667
2019  172.00392  708    0.4595   34.5576  271.0787
2019  172.00381  710    0.4574   34.5578  271.1093
2019  172.00372  712    0.4579   34.5586  271.1231
2019  172.00362  714    0.4551   34.5587  271.1954
2019  172.00351  716    0.4517   34.5592  271.2977
2019  172.00340  718    0.4505   34.5599  271.4015
2019  172.00330  720    0.4498   34.5603  271.4992
2019  172.00320  722    0.4478   34.5608  271.5963
2019  172.00309  724    0.4465   34.5613  271.5960
2019  172.00298  726    0.4424   34.5618  271.7214
2019  172.00288  728    0.4396   34.5624  271.8373
2019  172.00278  730    0.4376   34.5630  271.9308
2019  172.00267  732    0.4374   34.5636  272.0559
2019  172.00256  734    0.4347   34.5642  272.1194
2019  172.00247  736    0.4322   34.5644  272.1526
2019  172.00237  738    0.4298   34.5649  272.1541
2019  172.00226  740    0.4261   34.5655  272.2314
2019  172.00216  742    0.4234   34.5659  272.3489
2019  172.00206  744    0.4204   34.5665  272.4927
2019  172.00195  746    0.4194   34.5671  272.5224
2019  172.00186  748    0.4176   34.5679  272.4997
2019  172.00179  750    0.4142   34.5687  272.4322
%endofdat
