%ITP 110, profile 446: year day longitude(E+) latitude(N+) ndepths
2019  121.25141  -134.8350  73.6623  261 0
%year day pressure(dbar) temperature(C) salinity oxygen(umol/kg)
2019  121.25179  240   -1.3074   33.4885  247.3980
2019  121.25187  242   -1.2718   33.5414  246.8997
2019  121.25196  244   -1.2373   33.5935  245.9401
2019  121.25206  246   -1.2067   33.6366  244.8972
2019  121.25216  248   -1.1739   33.6811  243.9725
2019  121.25226  250   -1.1445   33.7242  243.1746
2019  121.25237  252   -1.1103   33.7711  242.3725
2019  121.25247  254   -1.0738   33.8198  241.6955
2019  121.25256  256   -1.0474   33.8562  240.9752
2019  121.25266  258   -1.0176   33.8974  240.4302
2019  121.25274  260   -0.9720   33.9384  240.3338
2019  121.25284  262   -0.9363   33.9690  240.5992
2019  121.25295  264   -0.9017   34.0052  241.1799
2019  121.25305  266   -0.8689   34.0406  241.9437
2019  121.25315  268   -0.8374   34.0683  242.8313
2019  121.25324  270   -0.7918   34.0985  243.7351
2019  121.25334  272   -0.7568   34.1187  244.6039
2019  121.25344  274   -0.7248   34.1424  245.3523
2019  121.25354  276   -0.6897   34.1653  245.9586
2019  121.25363  278   -0.6474   34.1906  246.4726
2019  121.25373  280   -0.6110   34.2080  246.9815
2019  121.25383  282   -0.5703   34.2305  247.3113
2019  121.25392  284   -0.5442   34.2485  247.5395
2019  121.25402  286   -0.4964   34.2725  247.5351
2019  121.25412  288   -0.4464   34.2929  247.5762
2019  121.25422  290   -0.3955   34.3118  247.6062
2019  121.25431  292   -0.3623   34.3281  247.7373
2019  121.25442  294   -0.3297   34.3438  247.8289
2019  121.25452  296   -0.2976   34.3554  247.9470
2019  121.25460  298   -0.2752   34.3708  248.0138
2019  121.25470  300   -0.2404   34.3860  248.0347
2019  121.25481  302   -0.2075   34.3992  248.1535
2019  121.25491  304   -0.1757   34.4131  248.1834
2019  121.25501  306   -0.1452   34.4264  248.3156
2019  121.25510  308   -0.1233   34.4367  248.4600
2019  121.25520  310   -0.0803   34.4520  248.5546
2019  121.25530  312   -0.0468   34.4646  248.7791
2019  121.25540  314    0.0030   34.4828  248.9549
2019  121.25551  316    0.0318   34.4953  249.2686
2019  121.25561  318    0.0457   34.4989  249.6742
2019  121.25570  320    0.0740   34.5181  249.8986
2019  121.25581  322    0.0844   34.5218  250.3643
2019  121.25591  324    0.1092   34.5355  250.6840
2019  121.25601  326    0.1203   34.5378  251.0496
2019  121.25612  328    0.1484   34.5533  251.3391
2019  121.25623  330    0.1904   34.5642  251.7735
2019  121.25633  332    0.1912   34.5663  252.5194
2019  121.25642  334    0.2087   34.5759  252.9105
2019  121.25653  336    0.2564   34.5935  253.1281
2019  121.25665  338    0.2613   34.5947  253.7628
2019  121.25674  340    0.2612   34.5962  254.2526
2019  121.25684  342    0.2613   34.5968  254.4942
2019  121.25695  344    0.2634   34.5999  254.6613
2019  121.25705  346    0.2884   34.6157  254.6511
2019  121.25715  348    0.3192   34.6278  254.7312
2019  121.25724  350    0.3199   34.6290  255.0348
2019  121.25734  352    0.3468   34.6422  255.1234
2019  121.25745  354    0.3605   34.6458  255.3752
2019  121.25755  356    0.3606   34.6468  255.7075
2019  121.25764  358    0.3598   34.6475  255.9207
2019  121.25776  360    0.3787   34.6590  255.9495
2019  121.25785  362    0.4119   34.6743  255.8683
2019  121.25795  364    0.4332   34.6843  256.1594
2019  121.25806  366    0.4652   34.6909  256.5476
2019  121.25816  368    0.4689   34.6923  257.2251
2019  121.25826  370    0.4691   34.6933  257.8420
2019  121.25837  372    0.4693   34.6940  258.1759
2019  121.25848  374    0.4697   34.6944  258.3610
2019  121.25858  376    0.4904   34.7080  258.2791
2019  121.25867  378    0.4999   34.7106  258.0856
2019  121.25878  380    0.5204   34.7220  258.3728
2019  121.25889  382    0.5460   34.7288  258.3699
2019  121.25901  384    0.5466   34.7300  259.2422
2019  121.25912  386    0.5464   34.7307  259.9893
2019  121.25922  388    0.5461   34.7311  260.3410
2019  121.25931  390    0.5455   34.7314  260.5466
2019  121.25942  392    0.5452   34.7315  260.6770
2019  121.25952  394    0.5450   34.7318  260.7320
2019  121.25962  396    0.5456   34.7322  260.7697
2019  121.25973  398    0.5700   34.7417  260.6128
2019  121.25984  400    0.5799   34.7436  260.4112
2019  121.25995  402    0.5791   34.7443  260.8469
2019  121.26006  404    0.5805   34.7449  261.2224
2019  121.26017  406    0.5953   34.7504  261.3871
2019  121.26027  408    0.6037   34.7516  261.4564
2019  121.26037  410    0.6074   34.7525  261.7293
2019  121.26048  412    0.6090   34.7530  262.1424
2019  121.26057  414    0.6093   34.7533  262.4197
2019  121.26067  416    0.6094   34.7536  262.5730
2019  121.26078  418    0.6102   34.7536  262.6308
2019  121.26088  420    0.6100   34.7537  262.6893
2019  121.26098  422    0.6094   34.7539  262.6770
2019  121.26109  424    0.6083   34.7539  262.7046
2019  121.26120  426    0.6076   34.7540  262.7444
2019  121.26130  428    0.6067   34.7540  262.7558
2019  121.26139  430    0.6059   34.7540  262.7805
2019  121.26149  432    0.6059   34.7541  262.7846
2019  121.26159  434    0.6063   34.7539  262.8200
2019  121.26169  436    0.6084   34.7557  262.7800
2019  121.26179  438    0.6364   34.7656  262.5037
2019  121.26190  440    0.6603   34.7723  261.3607
2019  121.26199  442    0.6692   34.7752  260.6882
2019  121.26209  444    0.6741   34.7779  261.1291
2019  121.26219  446    0.6818   34.7806  261.4298
2019  121.26229  448    0.6863   34.7820  261.7150
2019  121.26240  450    0.6916   34.7837  262.1888
2019  121.26249  452    0.6927   34.7843  262.8843
2019  121.26259  454    0.6944   34.7845  263.5629
2019  121.26269  456    0.6947   34.7848  263.9997
2019  121.26278  458    0.6958   34.7851  264.2375
2019  121.26290  460    0.6959   34.7853  264.3866
2019  121.26299  462    0.6961   34.7853  264.4488
2019  121.26309  464    0.6961   34.7853  264.5481
2019  121.26319  466    0.6961   34.7853  264.5494
2019  121.26328  468    0.6962   34.7853  264.5556
2019  121.26340  470    0.6962   34.7854  264.5729
2019  121.26349  472    0.6963   34.7855  264.5772
2019  121.26359  474    0.6980   34.7860  264.6024
2019  121.26369  476    0.7041   34.7870  264.4688
2019  121.26378  478    0.7103   34.7892  264.3345
2019  121.26389  480    0.7156   34.7905  264.3720
2019  121.26399  482    0.7236   34.7926  264.5714
2019  121.26409  484    0.7276   34.7931  264.7928
2019  121.26419  486    0.7275   34.7935  265.0258
2019  121.26429  488    0.7257   34.7934  265.1025
2019  121.26438  490    0.7244   34.7937  265.1823
2019  121.26448  492    0.7236   34.7937  265.2105
2019  121.26458  494    0.7229   34.7937  265.2338
2019  121.26467  496    0.7228   34.7939  265.2061
2019  121.26479  498    0.7229   34.7937  265.2663
2019  121.26488  500    0.7230   34.7937  265.2841
2019  121.26498  502    0.7231   34.7937  265.2980
2019  121.26508  504    0.7230   34.7938  265.3073
2019  121.26517  506    0.7224   34.7937  265.3472
2019  121.26527  508    0.7211   34.7936  265.3244
2019  121.26537  510    0.7189   34.7936  265.3323
2019  121.26547  512    0.7163   34.7935  265.2898
2019  121.26556  514    0.7154   34.7935  265.2659
2019  121.26566  516    0.7148   34.7935  265.2254
2019  121.26576  518    0.7139   34.7934  265.1786
2019  121.26585  520    0.7126   34.7933  265.1601
2019  121.26595  522    0.7109   34.7932  265.1258
2019  121.26605  524    0.7075   34.7931  265.0490
2019  121.26615  526    0.7061   34.7937  264.8833
2019  121.26624  528    0.7126   34.7963  264.6405
2019  121.26634  530    0.7116   34.7979  264.5941
2019  121.26645  532    0.7122   34.8001  264.7219
2019  121.26655  534    0.7148   34.8016  264.7707
2019  121.26665  536    0.7154   34.8032  265.1813
2019  121.26676  538    0.7100   34.8035  265.5771
2019  121.26686  540    0.7077   34.8035  265.7052
2019  121.26695  542    0.7062   34.8039  265.7530
2019  121.26706  544    0.7063   34.8055  265.7304
2019  121.26717  546    0.7062   34.8059  265.8720
2019  121.26727  548    0.7088   34.8073  265.9925
2019  121.26737  550    0.7092   34.8074  266.2635
2019  121.26747  552    0.7120   34.8091  266.5237
2019  121.26756  554    0.7138   34.8100  266.9232
2019  121.26767  556    0.7097   34.8104  267.4086
2019  121.26777  558    0.7055   34.8101  267.6880
2019  121.26787  560    0.6971   34.8103  267.7965
2019  121.26797  562    0.6909   34.8103  267.6913
2019  121.26806  564    0.6867   34.8102  267.5807
2019  121.26816  566    0.6810   34.8102  267.5225
2019  121.26826  568    0.6755   34.8100  267.4388
2019  121.26837  570    0.6714   34.8100  267.2901
2019  121.26846  572    0.6679   34.8099  267.2106
2019  121.26856  574    0.6606   34.8098  267.2114
2019  121.26866  576    0.6517   34.8098  267.1798
2019  121.26876  578    0.6447   34.8099  267.0551
2019  121.26887  580    0.6405   34.8097  266.9321
2019  121.26897  582    0.6332   34.8094  266.8631
2019  121.26906  584    0.6290   34.8102  266.6853
2019  121.26917  586    0.6261   34.8108  266.6709
2019  121.26927  588    0.6222   34.8107  266.8943
2019  121.26937  590    0.6184   34.8106  267.0341
2019  121.26946  592    0.6128   34.8106  267.0494
2019  121.26956  594    0.6118   34.8117  267.0018
2019  121.26967  596    0.6071   34.8115  267.1196
2019  121.26977  598    0.6029   34.8124  267.2493
2019  121.26987  600    0.6015   34.8129  267.4040
2019  121.26998  602    0.5986   34.8130  267.6260
2019  121.27009  604    0.5962   34.8127  267.7844
2019  121.27019  606    0.5911   34.8125  267.8760
2019  121.27028  608    0.5869   34.8126  267.8797
2019  121.27038  610    0.5838   34.8127  267.8314
2019  121.27048  612    0.5806   34.8126  267.8009
2019  121.27059  614    0.5757   34.8125  267.7762
2019  121.27070  616    0.5728   34.8125  267.6975
2019  121.27080  618    0.5684   34.8123  267.7028
2019  121.27090  620    0.5620   34.8124  267.6818
2019  121.27099  622    0.5577   34.8126  267.6125
2019  121.27109  624    0.5535   34.8122  267.5711
2019  121.27120  626    0.5481   34.8123  267.5890
2019  121.27130  628    0.5439   34.8122  267.5529
2019  121.27139  630    0.5389   34.8120  267.5383
2019  121.27151  632    0.5306   34.8120  267.4659
2019  121.27160  634    0.5262   34.8120  267.2592
2019  121.27170  636    0.5223   34.8124  267.0136
2019  121.27181  638    0.5186   34.8128  266.8313
2019  121.27192  640    0.5173   34.8138  266.8624
2019  121.27202  642    0.5155   34.8143  267.0317
2019  121.27212  644    0.5134   34.8145  267.3599
2019  121.27221  646    0.5093   34.8146  267.7076
2019  121.27231  648    0.5098   34.8153  267.7979
2019  121.27241  650    0.5096   34.8155  267.9430
2019  121.27251  652    0.5061   34.8157  268.2179
2019  121.27262  654    0.5020   34.8156  268.4346
2019  121.27272  656    0.4957   34.8158  268.4172
2019  121.27281  658    0.4939   34.8159  268.2624
2019  121.27292  660    0.4936   34.8165  268.1058
2019  121.27302  662    0.4908   34.8163  268.1932
2019  121.27312  664    0.4894   34.8170  268.2821
2019  121.27323  666    0.4892   34.8173  268.3580
2019  121.27333  668    0.4884   34.8177  268.4869
2019  121.27342  670    0.4883   34.8180  268.6839
2019  121.27354  672    0.4868   34.8182  268.8931
2019  121.27365  674    0.4816   34.8183  269.1060
2019  121.27376  676    0.4777   34.8185  269.1141
2019  121.27385  678    0.4793   34.8190  269.0052
2019  121.27395  680    0.4755   34.8188  269.0726
2019  121.27406  682    0.4695   34.8194  269.1341
2019  121.27417  684    0.4686   34.8199  269.0123
2019  121.27427  686    0.4670   34.8198  268.8805
2019  121.27437  688    0.4629   34.8198  268.7980
2019  121.27446  690    0.4572   34.8197  268.6714
2019  121.27456  692    0.4540   34.8199  268.5854
2019  121.27467  694    0.4527   34.8200  268.4757
2019  121.27477  696    0.4476   34.8203  268.5412
2019  121.27487  698    0.4472   34.8208  268.5472
2019  121.27497  700    0.4489   34.8208  268.5475
2019  121.27506  702    0.4459   34.8209  268.6785
2019  121.27517  704    0.4455   34.8212  268.7287
2019  121.27527  706    0.4447   34.8216  268.7636
2019  121.27537  708    0.4425   34.8216  268.9017
2019  121.27548  710    0.4377   34.8219  269.0623
2019  121.27557  712    0.4342   34.8220  269.1192
2019  121.27567  714    0.4326   34.8221  269.0998
2019  121.27578  716    0.4309   34.8223  269.1500
2019  121.27588  718    0.4299   34.8227  269.2417
2019  121.27598  720    0.4277   34.8227  269.3671
2019  121.27609  722    0.4262   34.8227  269.4391
2019  121.27619  724    0.4238   34.8230  269.5381
2019  121.27628  726    0.4212   34.8234  269.6327
2019  121.27639  728    0.4188   34.8236  269.6917
2019  121.27649  730    0.4147   34.8235  269.7118
2019  121.27659  732    0.4127   34.8238  269.7235
2019  121.27670  734    0.4093   34.8240  269.7643
2019  121.27680  736    0.4069   34.8241  269.8486
2019  121.27690  738    0.4052   34.8242  269.9064
2019  121.27699  740    0.4027   34.8242  269.9694
2019  121.27709  742    0.3993   34.8245  270.0325
2019  121.27720  744    0.3959   34.8247  270.0855
2019  121.27731  746    0.3934   34.8250  270.0240
2019  121.27741  748    0.3907   34.8247  269.9596
2019  121.27751  750    0.3868   34.8250  269.9686
2019  121.27762  752    0.3842   34.8253  269.9794
2019  121.27772  754    0.3805   34.8253  269.9054
2019  121.27780  756    0.3765   34.8254  269.8227
2019  121.27790  758    0.3730   34.8255  269.8090
2019  121.27798  760    0.3653   34.8251  270.1485
%endofdat
