%ITP 110, profile 15: year day longitude(E+) latitude(N+) ndepths
2018  271.00141  -137.1741  77.1705  366 0
%year day pressure(dbar) temperature(C) salinity oxygen(umol/kg)
2018  271.04083    8   -1.5347   28.2104  358.2694
2018  271.04070   10   -1.5346   28.2107  358.2735
2018  271.04058   12   -1.5344   28.2108  358.3260
2018  271.04044   14   -1.5339   28.2111  358.2680
2018  271.04030   16   -1.5334   28.2115  358.3461
2018  271.04017   18   -1.5334   28.2122  358.2165
2018  271.04006   20   -1.5332   28.2124  358.1741
2018  271.03995   22   -1.5330   28.2129  358.2517
2018  271.03983   24   -1.5329   28.2130  358.2593
2018  271.03970   26   -1.5325   28.2144  358.2478
2018  271.03958   28   -1.5328   28.2149  358.4179
2018  271.03945   30   -1.5322   28.2170  358.7000
2018  271.03933   32   -1.5307   28.2215  359.4654
2018  271.03919   34   -1.5287   28.2293  361.2215
2018  271.03906   36   -1.5221   28.2498  364.0295
2018  271.03894   38   -1.3230   28.8037  361.8847
2018  271.03881   40   -1.2022   29.2970  357.6535
2018  271.03870   42   -1.1194   29.5201  353.1682
2018  271.03858   44   -0.9753   29.7262  348.5730
2018  271.03845   46   -0.7721   29.9434  344.0948
2018  271.03833   48   -0.6490   30.1050  339.6831
2018  271.03820   50   -0.4596   30.2714  335.3087
2018  271.03809   52   -0.4004   30.4155  330.5140
2018  271.03798   54   -0.2756   30.6247  325.5295
2018  271.03785   56   -0.2946   30.7672  321.5290
2018  271.03773   58   -0.1880   30.8707  317.6594
2018  271.03762   60   -0.2126   30.9500  314.9891
2018  271.03749   62   -0.2151   31.0321  312.6608
2018  271.03737   64   -0.1998   31.0931  310.3741
2018  271.03726   66   -0.2178   31.1604  308.3620
2018  271.03713   68   -0.2073   31.2109  306.6484
2018  271.03701   70   -0.1981   31.2620  305.3277
2018  271.03690   72   -0.1990   31.3144  304.1387
2018  271.03677   74   -0.2301   31.3573  303.0603
2018  271.03665   76   -0.2329   31.4059  301.8410
2018  271.03653   78   -0.2688   31.4477  300.5537
2018  271.03642   80   -0.2403   31.4862  299.0801
2018  271.03630   82   -0.1608   31.5320  297.8425
2018  271.03617   84   -0.3321   31.5636  297.0292
2018  271.03606   86   -0.6711   31.6033  296.7701
2018  271.03595   88   -0.6547   31.6340  295.5376
2018  271.03583   90   -0.7361   31.6778  294.0223
2018  271.03570   92   -0.6705   31.7063  292.1685
2018  271.03559   94   -0.6449   31.7342  290.4866
2018  271.03547   96   -0.6011   31.7557  288.9454
2018  271.03534   98   -0.6579   31.7784  287.7228
2018  271.03523  100   -0.6577   31.8002  286.0177
2018  271.03512  102   -0.7508   31.8306  284.7647
2018  271.03499  104   -0.8366   31.8563  283.2799
2018  271.03487  106   -0.9400   31.8886  281.1076
2018  271.03476  108   -0.9668   31.9177  279.0820
2018  271.03465  110   -0.8828   31.9405  277.7441
2018  271.03452  112   -0.8962   31.9672  276.8912
2018  271.03440  114   -0.9465   31.9847  275.6592
2018  271.03429  116   -0.9519   32.0040  274.5163
2018  271.03417  118   -0.9657   32.0382  273.4128
2018  271.03406  120   -0.9927   32.0683  272.6729
2018  271.03395  122   -1.0068   32.0937  271.8457
2018  271.03384  124   -1.0062   32.1225  270.8151
2018  271.03373  126   -1.0284   32.1504  269.9341
2018  271.03360  128   -1.0711   32.1795  269.3085
2018  271.03348  130   -1.0917   32.2104  268.6617
2018  271.03337  132   -1.1326   32.2380  267.8686
2018  271.03326  134   -1.1679   32.2621  266.7259
2018  271.03313  136   -1.1830   32.2853  265.3146
2018  271.03301  138   -1.2115   32.3063  263.4837
2018  271.03290  140   -1.2416   32.3297  262.5484
2018  271.03278  142   -1.2807   32.3538  261.5621
2018  271.03267  144   -1.3210   32.3751  260.8694
2018  271.03255  146   -1.3367   32.3936  260.5889
2018  271.03242  148   -1.3337   32.4091  260.8568
2018  271.03231  150   -1.3467   32.4260  261.2290
2018  271.03220  152   -1.3775   32.4448  261.8112
2018  271.03209  154   -1.4009   32.4655  262.0971
2018  271.03197  156   -1.4220   32.4860  262.3362
2018  271.03184  158   -1.4350   32.5016  262.4709
2018  271.03173  160   -1.4466   32.5211  262.2953
2018  271.03162  162   -1.4651   32.5503  262.2207
2018  271.03151  164   -1.4729   32.5735  262.2864
2018  271.03139  166   -1.4825   32.5922  262.2811
2018  271.03128  168   -1.4901   32.6189  262.0841
2018  271.03117  170   -1.4981   32.6380  261.7068
2018  271.03106  172   -1.4982   32.6546  261.3671
2018  271.03095  174   -1.4963   32.6718  261.0858
2018  271.03084  176   -1.5003   32.6953  260.5429
2018  271.03073  178   -1.4961   32.7160  260.0326
2018  271.03062  180   -1.4939   32.7429  259.6779
2018  271.03049  182   -1.4864   32.7709  259.2769
2018  271.03037  184   -1.4846   32.7934  258.8645
2018  271.03026  186   -1.4879   32.8201  258.5866
2018  271.03014  188   -1.4878   32.8469  258.3897
2018  271.03003  190   -1.4873   32.8719  258.1472
2018  271.02992  192   -1.4837   32.8938  257.7297
2018  271.02981  194   -1.4736   32.9363  257.1830
2018  271.02970  196   -1.4583   32.9832  256.7010
2018  271.02958  198   -1.4353   33.0395  256.1241
2018  271.02945  200   -1.4081   33.0870  255.7184
2018  271.02934  202   -1.3903   33.1312  254.7241
2018  271.02923  204   -1.3644   33.1748  253.5741
2018  271.02912  206   -1.3328   33.2230  252.4300
2018  271.02899  208   -1.2980   33.2844  251.1140
2018  271.02887  210   -1.2570   33.3362  250.3139
2018  271.02876  212   -1.2300   33.3776  249.7095
2018  271.02865  214   -1.1998   33.4209  249.4476
2018  271.02854  216   -1.1701   33.4649  249.2109
2018  271.02842  218   -1.1341   33.5125  249.2673
2018  271.02831  220   -1.1038   33.5537  249.4270
2018  271.02819  222   -1.0742   33.5951  249.5536
2018  271.02806  224   -1.0403   33.6396  249.8667
2018  271.02795  226   -1.0103   33.6776  250.4212
2018  271.02784  228   -0.9812   33.7206  251.0372
2018  271.02772  230   -0.9537   33.7626  251.0939
2018  271.02759  232   -0.9121   33.7974  251.2881
2018  271.02748  234   -0.8574   33.8309  251.6539
2018  271.02737  236   -0.8240   33.8661  252.0533
2018  271.02724  238   -0.7744   33.8987  252.6090
2018  271.02712  240   -0.7301   33.9287  253.1806
2018  271.02701  242   -0.6902   33.9598  253.2378
2018  271.02690  244   -0.6518   33.9882  253.0763
2018  271.02679  246   -0.6158   34.0110  253.2069
2018  271.02667  248   -0.5841   34.0355  253.6044
2018  271.02655  250   -0.5433   34.0586  253.6298
2018  271.02642  252   -0.4936   34.0817  253.4620
2018  271.02631  254   -0.4663   34.0995  253.4262
2018  271.02619  256   -0.4304   34.1171  253.6130
2018  271.02606  258   -0.4036   34.1305  253.6926
2018  271.02595  260   -0.3686   34.1457  253.8193
2018  271.02583  262   -0.3391   34.1585  254.3527
2018  271.02570  264   -0.3036   34.1714  255.0986
2018  271.02558  266   -0.2736   34.1833  255.7402
2018  271.02545  268   -0.2419   34.1972  256.4927
2018  271.02533  270   -0.2213   34.2066  257.1115
2018  271.02520  272   -0.1899   34.2215  257.7787
2018  271.02508  274   -0.1515   34.2346  258.4200
2018  271.02495  276   -0.1226   34.2482  258.7743
2018  271.02483  278   -0.0869   34.2614  258.5650
2018  271.02470  280   -0.0520   34.2733  258.3513
2018  271.02458  282   -0.0297   34.2836  258.2282
2018  271.02444  284   -0.0121   34.2921  258.4320
2018  271.02431  286    0.0140   34.3028  258.8343
2018  271.02420  288    0.0387   34.3123  258.6973
2018  271.02409  290    0.0593   34.3203  258.4362
2018  271.02397  292    0.0897   34.3302  258.5919
2018  271.02384  294    0.1180   34.3403  258.8828
2018  271.02372  296    0.1427   34.3481  258.8872
2018  271.02359  298    0.1686   34.3572  258.6512
2018  271.02348  300    0.1994   34.3663  258.8832
2018  271.02335  302    0.2189   34.3740  259.0785
2018  271.02323  304    0.2457   34.3829  259.0982
2018  271.02312  306    0.2474   34.3849  259.0836
2018  271.02301  308    0.2626   34.3915  259.0283
2018  271.02288  310    0.2867   34.4008  259.1780
2018  271.02276  312    0.2954   34.4051  259.4794
2018  271.02264  314    0.3261   34.4163  259.7885
2018  271.02252  316    0.3275   34.4183  260.6134
2018  271.02240  318    0.3523   34.4285  261.2573
2018  271.02229  320    0.3674   34.4355  261.9704
2018  271.02217  322    0.3681   34.4366  263.0625
2018  271.02205  324    0.4027   34.4458  264.1264
2018  271.02192  326    0.4316   34.4570  264.9415
2018  271.02181  328    0.4728   34.4670  264.8895
2018  271.02172  330    0.4748   34.4677  265.0604
2018  271.02162  332    0.4723   34.4689  265.2973
2018  271.02151  334    0.4969   34.4759  265.1965
2018  271.02139  336    0.5003   34.4791  265.2691
2018  271.02128  338    0.5011   34.4799  265.5816
2018  271.02117  340    0.5264   34.4878  265.8023
2018  271.02106  342    0.5540   34.4977  266.0319
2018  271.02095  344    0.5556   34.5000  266.5914
2018  271.02085  346    0.5562   34.5013  267.4732
2018  271.02076  348    0.5917   34.5115  267.9438
2018  271.02065  350    0.6184   34.5199  267.9880
2018  271.02054  352    0.6193   34.5206  268.1760
2018  271.02042  354    0.6194   34.5205  268.4330
2018  271.02031  356    0.6194   34.5207  268.9505
2018  271.02022  358    0.6195   34.5205  269.4760
2018  271.02012  360    0.6196   34.5208  269.7975
2018  271.02001  362    0.6197   34.5211  270.0770
2018  271.01990  364    0.6197   34.5216  270.2144
2018  271.01979  366    0.6243   34.5227  270.4509
2018  271.01967  368    0.6377   34.5260  270.7795
2018  271.01958  370    0.6570   34.5317  270.8742
2018  271.01948  372    0.6701   34.5364  271.0275
2018  271.01937  374    0.6795   34.5389  271.1852
2018  271.01926  376    0.6887   34.5412  271.1153
2018  271.01915  378    0.7000   34.5437  270.9625
2018  271.01905  380    0.7002   34.5438  270.7524
2018  271.01895  382    0.7004   34.5436  270.6003
2018  271.01884  384    0.7005   34.5437  270.5428
2018  271.01873  386    0.7004   34.5437  270.4845
2018  271.01862  388    0.7005   34.5437  270.3684
2018  271.01851  390    0.7005   34.5435  270.5169
2018  271.01841  392    0.7007   34.5435  270.6522
2018  271.01831  394    0.7008   34.5436  270.7322
2018  271.01820  396    0.7009   34.5434  270.9276
2018  271.01809  398    0.7010   34.5437  271.1932
2018  271.01798  400    0.7011   34.5436  271.6152
2018  271.01788  402    0.7013   34.5441  271.8951
2018  271.01778  404    0.7014   34.5446  271.9959
2018  271.01767  406    0.7088   34.5470  271.9973
2018  271.01756  408    0.7283   34.5538  271.9102
2018  271.01745  410    0.7411   34.5582  271.9888
2018  271.01735  412    0.7526   34.5623  271.9555
2018  271.01726  414    0.7526   34.5625  272.1146
2018  271.01715  416    0.7540   34.5630  272.4723
2018  271.01703  418    0.7676   34.5669  272.4732
2018  271.01694  420    0.7745   34.5693  272.4319
2018  271.01684  422    0.7798   34.5706  272.2895
2018  271.01673  424    0.7799   34.5704  272.2515
2018  271.01662  426    0.7800   34.5705  272.3056
2018  271.01652  428    0.7799   34.5708  272.6017
2018  271.01642  430    0.7838   34.5719  272.9323
2018  271.01631  432    0.7931   34.5755  273.2307
2018  271.01622  434    0.7932   34.5751  273.6299
2018  271.01612  436    0.7934   34.5754  274.1282
2018  271.01601  438    0.7933   34.5755  274.5669
2018  271.01590  440    0.7934   34.5756  274.8377
2018  271.01580  442    0.7935   34.5757  274.8676
2018  271.01570  444    0.7937   34.5754  274.7834
2018  271.01559  446    0.7937   34.5753  274.6501
2018  271.01549  448    0.7936   34.5753  274.4692
2018  271.01540  450    0.7938   34.5752  274.1846
2018  271.01528  452    0.7936   34.5749  273.9507
2018  271.01517  454    0.7937   34.5750  273.7314
2018  271.01508  456    0.7934   34.5750  273.5249
2018  271.01498  458    0.7931   34.5750  273.3469
2018  271.01487  460    0.7929   34.5751  273.1739
2018  271.01477  462    0.7937   34.5754  273.0243
2018  271.01467  464    0.7970   34.5761  273.0340
2018  271.01456  466    0.8006   34.5771  273.0242
2018  271.01446  468    0.8004   34.5773  273.0748
2018  271.01437  470    0.8009   34.5776  273.0902
2018  271.01427  472    0.8016   34.5784  273.1228
2018  271.01417  474    0.8021   34.5783  273.1192
2018  271.01406  476    0.8021   34.5784  273.1664
2018  271.01397  478    0.8018   34.5782  273.2603
2018  271.01387  480    0.8007   34.5782  273.4598
2018  271.01377  482    0.7990   34.5782  273.8906
2018  271.01367  484    0.7975   34.5781  274.3928
2018  271.01358  486    0.7974   34.5783  274.8370
2018  271.01348  488    0.7978   34.5788  275.2606
2018  271.01337  490    0.7998   34.5799  275.5230
2018  271.01327  492    0.8012   34.5807  275.6816
2018  271.01317  494    0.8024   34.5817  275.7625
2018  271.01307  496    0.8049   34.5833  275.7859
2018  271.01298  498    0.8053   34.5837  275.8232
2018  271.01288  500    0.8054   34.5843  275.7655
2018  271.01278  502    0.8064   34.5862  275.6666
2018  271.01267  504    0.8072   34.5871  275.5682
2018  271.01258  506    0.8076   34.5873  275.5089
2018  271.01248  508    0.8076   34.5884  275.5419
2018  271.01238  510    0.8074   34.5892  275.4527
2018  271.01229  512    0.8051   34.5894  275.3622
2018  271.01219  514    0.8016   34.5893  275.2557
2018  271.01209  516    0.7979   34.5893  275.3459
2018  271.01199  518    0.7940   34.5892  275.5382
2018  271.01190  520    0.7895   34.5892  275.9175
2018  271.01179  522    0.7851   34.5896  276.3427
2018  271.01169  524    0.7819   34.5900  276.7444
2018  271.01159  526    0.7776   34.5904  277.1545
2018  271.01149  528    0.7737   34.5907  277.3857
2018  271.01139  530    0.7711   34.5908  277.5946
2018  271.01130  532    0.7677   34.5906  277.5999
2018  271.01120  534    0.7611   34.5904  277.4810
2018  271.01110  536    0.7541   34.5902  277.3055
2018  271.01101  538    0.7477   34.5903  277.0133
2018  271.01091  540    0.7421   34.5902  276.6687
2018  271.01081  542    0.7370   34.5900  276.2677
2018  271.01071  544    0.7328   34.5899  276.0425
2018  271.01062  546    0.7274   34.5901  276.0763
2018  271.01052  548    0.7229   34.5901  276.3867
2018  271.01042  550    0.7189   34.5908  276.9214
2018  271.01033  552    0.7152   34.5906  277.4175
2018  271.01023  554    0.7098   34.5905  277.7825
2018  271.01013  556    0.7038   34.5903  278.0271
2018  271.01003  558    0.6981   34.5906  277.9789
2018  271.00994  560    0.6960   34.5910  277.6232
2018  271.00984  562    0.6924   34.5910  277.1619
2018  271.00974  564    0.6866   34.5906  276.7910
2018  271.00966  566    0.6825   34.5906  276.9420
2018  271.00956  568    0.6779   34.5904  277.4408
2018  271.00946  570    0.6717   34.5903  277.9196
2018  271.00937  572    0.6660   34.5904  278.1700
2018  271.00927  574    0.6625   34.5911  278.0363
2018  271.00917  576    0.6591   34.5911  277.6973
2018  271.00908  578    0.6537   34.5910  277.1294
2018  271.00898  580    0.6473   34.5907  276.8153
2018  271.00888  582    0.6429   34.5905  277.1820
2018  271.00880  584    0.6388   34.5904  277.6521
2018  271.00870  586    0.6349   34.5903  277.8364
2018  271.00860  588    0.6297   34.5901  277.6924
2018  271.00851  590    0.6241   34.5896  277.2983
2018  271.00841  592    0.6192   34.5894  276.8129
2018  271.00833  594    0.6142   34.5894  276.3192
2018  271.00823  596    0.6082   34.5891  276.2062
2018  271.00813  598    0.6016   34.5891  276.7113
2018  271.00804  600    0.5956   34.5889  277.3000
2018  271.00794  602    0.5909   34.5887  277.6320
2018  271.00785  604    0.5890   34.5884  277.6365
2018  271.00776  606    0.5852   34.5883  277.7028
2018  271.00766  608    0.5819   34.5881  277.6562
2018  271.00756  610    0.5787   34.5891  277.6264
2018  271.00747  612    0.5752   34.5893  278.2576
2018  271.00738  614    0.5734   34.5900  278.7035
2018  271.00729  616    0.5688   34.5905  278.6661
2018  271.00719  618    0.5648   34.5904  278.4110
2018  271.00710  620    0.5608   34.5901  278.3233
2018  271.00701  622    0.5568   34.5901  278.7991
2018  271.00691  624    0.5537   34.5905  278.9705
2018  271.00682  626    0.5508   34.5903  278.6688
2018  271.00673  628    0.5463   34.5904  278.5148
2018  271.00663  630    0.5423   34.5902  278.8503
2018  271.00653  632    0.5385   34.5904  279.0497
2018  271.00644  634    0.5354   34.5903  278.8247
2018  271.00635  636    0.5311   34.5907  278.8942
2018  271.00626  638    0.5280   34.5905  279.2374
2018  271.00616  640    0.5244   34.5912  279.1634
2018  271.00608  642    0.5242   34.5912  279.2864
2018  271.00598  644    0.5225   34.5913  279.2537
2018  271.00588  646    0.5187   34.5914  279.4444
2018  271.00580  648    0.5157   34.5917  279.3711
2018  271.00570  650    0.5125   34.5918  279.3908
2018  271.00561  652    0.5100   34.5916  279.3199
2018  271.00552  654    0.5072   34.5916  279.1321
2018  271.00542  656    0.5032   34.5915  279.2004
2018  271.00533  658    0.5004   34.5915  279.0622
2018  271.00524  660    0.4966   34.5917  279.0058
2018  271.00516  662    0.4910   34.5917  278.9758
2018  271.00506  664    0.4865   34.5920  278.9480
2018  271.00497  666    0.4821   34.5916  279.0903
2018  271.00488  668    0.4779   34.5920  279.2311
2018  271.00479  670    0.4736   34.5923  279.2607
2018  271.00469  672    0.4716   34.5921  279.3370
2018  271.00460  674    0.4680   34.5923  279.2561
2018  271.00452  676    0.4647   34.5920  279.3991
2018  271.00442  678    0.4624   34.5923  279.3061
2018  271.00432  680    0.4596   34.5919  279.2460
2018  271.00424  682    0.4562   34.5923  279.2047
2018  271.00416  684    0.4527   34.5923  279.2028
2018  271.00406  686    0.4492   34.5921  279.1924
2018  271.00397  688    0.4460   34.5921  279.1514
2018  271.00388  690    0.4431   34.5917  279.1935
2018  271.00380  692    0.4407   34.5916  279.2892
2018  271.00372  694    0.4377   34.5916  279.4920
2018  271.00362  696    0.4343   34.5921  279.6210
2018  271.00352  698    0.4311   34.5920  279.6399
2018  271.00344  700    0.4275   34.5921  279.5880
2018  271.00335  702    0.4238   34.5922  279.5541
2018  271.00327  704    0.4206   34.5925  279.5518
2018  271.00317  706    0.4174   34.5919  279.6329
2018  271.00307  708    0.4151   34.5918  279.6858
2018  271.00299  710    0.4129   34.5919  279.6755
2018  271.00291  712    0.4088   34.5920  279.7484
2018  271.00283  714    0.4044   34.5920  279.7375
2018  271.00273  716    0.4005   34.5923  279.6869
2018  271.00263  718    0.3968   34.5920  279.4889
2018  271.00255  720    0.3926   34.5922  279.4077
2018  271.00247  722    0.3884   34.5921  279.5390
2018  271.00238  724    0.3861   34.5924  279.5492
2018  271.00230  726    0.3828   34.5925  279.5178
2018  271.00221  728    0.3785   34.5927  279.5413
2018  271.00212  730    0.3754   34.5924  279.5107
2018  271.00202  732    0.3720   34.5925  279.4268
2018  271.00194  734    0.3687   34.5922  279.3466
2018  271.00186  736    0.3662   34.5921  279.3924
2018  271.00178  738    0.3632   34.5919  279.4059
%endofdat
