%ITP 110, profile 278: year day longitude(E+) latitude(N+) ndepths
2019   37.25141  -137.2467  75.3289  374 0
%year day pressure(dbar) temperature(C) salinity oxygen(umol/kg)
2019   37.25179   14   -1.5309   27.9765  360.7892
2019   37.25187   16   -1.5309   27.9769  360.8110
2019   37.25195   18   -1.5310   27.9785  360.8528
2019   37.25203   20   -1.5306   27.9800  360.8988
2019   37.25212   22   -1.5301   27.9898  360.8483
2019   37.25220   24   -1.5298   28.0009  360.7810
2019   37.25228   26   -1.5298   28.0044  360.7299
2019   37.25237   28   -1.5298   28.0075  360.6726
2019   37.25245   30   -1.5298   28.0142  360.6050
2019   37.25253   32   -1.5297   28.0181  360.5999
2019   37.25262   34   -1.5289   28.0250  360.6021
2019   37.25270   36   -1.5257   28.0329  360.5427
2019   37.25279   38   -1.4935   28.1212  360.1236
2019   37.25287   40   -1.3153   28.4612  357.9619
2019   37.25295   42   -1.1631   28.6665  355.9139
2019   37.25304   44   -1.0416   28.8307  354.2584
2019   37.25312   46   -0.8994   29.0332  353.2133
2019   37.25320   48   -0.7040   29.2918  352.4509
2019   37.25328   50   -0.4293   29.6879  351.6312
2019   37.25337   52   -0.2610   29.9472  351.8650
2019   37.25345   54   -0.2233   30.0219  352.3288
2019   37.25353   56   -0.1640   30.1303  351.9603
2019   37.25362   58   -0.0781   30.2783  351.1812
2019   37.25370   60   -0.0119   30.4004  350.0263
2019   37.25378   62    0.0532   30.5342  348.5745
2019   37.25387   64    0.1034   30.6769  346.8514
2019   37.25395   66    0.1525   30.8661  343.8367
2019   37.25404   68    0.1606   30.9791  339.6943
2019   37.25412   70    0.1567   31.0531  335.1507
2019   37.25420   72    0.1440   31.1372  330.2110
2019   37.25429   74    0.1456   31.2052  325.3283
2019   37.25437   76    0.1636   31.2653  320.8957
2019   37.25445   78    0.1867   31.3281  317.2627
2019   37.25453   80    0.2121   31.3783  314.0876
2019   37.25462   82    0.2470   31.4290  311.0932
2019   37.25472   84    0.2998   31.4990  308.1295
2019   37.25481   86    0.3161   31.5453  305.4238
2019   37.25490   88    0.2695   31.5837  303.1926
2019   37.25498   90    0.2243   31.6244  301.3584
2019   37.25506   92    0.1750   31.6567  300.0546
2019   37.25515   94    0.0877   31.7037  299.0938
2019   37.25523   96    0.0617   31.7412  298.1919
2019   37.25531   98    0.0227   31.7805  297.3704
2019   37.25540  100   -0.0155   31.8128  296.4355
2019   37.25548  102   -0.0685   31.8419  295.5330
2019   37.25556  104   -0.1031   31.8637  294.5791
2019   37.25564  106   -0.1811   31.8921  293.8839
2019   37.25573  108   -0.2380   31.9168  293.0911
2019   37.25581  110   -0.2771   31.9352  292.2499
2019   37.25590  112   -0.3444   31.9569  291.4665
2019   37.25598  114   -0.4206   31.9841  290.5736
2019   37.25606  116   -0.5077   32.0138  289.6495
2019   37.25615  118   -0.5939   32.0365  288.7509
2019   37.25623  120   -0.6531   32.0592  287.6800
2019   37.25631  122   -0.7192   32.0888  286.7016
2019   37.25640  124   -0.7623   32.1069  285.3924
2019   37.25648  126   -0.8008   32.1252  284.1539
2019   37.25656  128   -0.8389   32.1421  283.0252
2019   37.25665  130   -0.8752   32.1632  281.8532
2019   37.25673  132   -0.9148   32.1946  280.7373
2019   37.25683  134   -0.9555   32.2259  279.3333
2019   37.25693  136   -0.9845   32.2508  277.8007
2019   37.25701  138   -1.0105   32.2748  276.5215
2019   37.25709  140   -1.0292   32.2946  275.2871
2019   37.25717  142   -1.0471   32.3163  274.2241
2019   37.25726  144   -1.0633   32.3379  273.2077
2019   37.25734  146   -1.0785   32.3594  272.1963
2019   37.25742  148   -1.0939   32.3809  271.1544
2019   37.25751  150   -1.1110   32.4020  270.1111
2019   37.25759  152   -1.1363   32.4304  269.0526
2019   37.25767  154   -1.1576   32.4518  268.0822
2019   37.25776  156   -1.1760   32.4697  267.2143
2019   37.25784  158   -1.1925   32.4905  266.3759
2019   37.25792  160   -1.2131   32.5137  265.6118
2019   37.25801  162   -1.2299   32.5300  264.8610
2019   37.25809  164   -1.2463   32.5456  264.1060
2019   37.25818  166   -1.2628   32.5617  263.4207
2019   37.25827  168   -1.2839   32.5829  262.6146
2019   37.25837  170   -1.3047   32.6025  261.7194
2019   37.25845  172   -1.3230   32.6193  260.8021
2019   37.25853  174   -1.3442   32.6410  259.9355
2019   37.25862  176   -1.3653   32.6619  259.2944
2019   37.25870  178   -1.3803   32.6776  259.0110
2019   37.25878  180   -1.3971   32.6953  258.9142
2019   37.25887  182   -1.4132   32.7150  258.8356
2019   37.25895  184   -1.4281   32.7370  258.7716
2019   37.25904  186   -1.4375   32.7558  258.6623
2019   37.25912  188   -1.4406   32.7763  258.4586
2019   37.25920  190   -1.4466   32.7997  258.3595
2019   37.25929  192   -1.4512   32.8207  258.2218
2019   37.25938  194   -1.4557   32.8382  258.1138
2019   37.25948  196   -1.4592   32.8579  257.9465
2019   37.25956  198   -1.4644   32.8815  257.8546
2019   37.25965  200   -1.4683   32.8993  257.6712
2019   37.25973  202   -1.4703   32.9178  257.4786
2019   37.25981  204   -1.4778   32.9410  257.3356
2019   37.25990  206   -1.4779   32.9624  257.0871
2019   37.25998  208   -1.4777   32.9857  256.8602
2019   37.26006  210   -1.4780   33.0093  256.6032
2019   37.26015  212   -1.4794   33.0343  256.3214
2019   37.26023  214   -1.4763   33.0580  256.0457
2019   37.26031  216   -1.4745   33.0902  255.8015
2019   37.26041  218   -1.4722   33.1249  255.5467
2019   37.26051  220   -1.4663   33.1604  255.3268
2019   37.26059  222   -1.4550   33.2054  255.0989
2019   37.26068  224   -1.4435   33.2403  254.9459
2019   37.26076  226   -1.4305   33.2685  254.8014
2019   37.26084  228   -1.4196   33.2961  254.6724
2019   37.26092  230   -1.4124   33.3243  254.5607
2019   37.26101  232   -1.4044   33.3469  254.4675
2019   37.26109  234   -1.3892   33.3761  254.2343
2019   37.26117  236   -1.3665   33.4114  253.9453
2019   37.26126  238   -1.3351   33.4577  253.5279
2019   37.26135  240   -1.2962   33.5136  252.8451
2019   37.26145  242   -1.2608   33.5642  251.9211
2019   37.26154  244   -1.2302   33.6072  250.9115
2019   37.26162  246   -1.1966   33.6543  249.7485
2019   37.26170  248   -1.1712   33.6994  248.6314
2019   37.26179  250   -1.1434   33.7395  247.6707
2019   37.26187  252   -1.0968   33.7952  246.6072
2019   37.26195  254   -1.0576   33.8443  245.8792
2019   37.26203  256   -1.0284   33.8807  245.3547
2019   37.26212  258   -0.9994   33.9171  244.9556
2019   37.26220  260   -0.9710   33.9493  244.6857
2019   37.26230  262   -0.9341   33.9878  244.6089
2019   37.26240  264   -0.8980   34.0235  244.6078
2019   37.26248  266   -0.8672   34.0533  244.7349
2019   37.26256  268   -0.8309   34.0821  245.0062
2019   37.26265  270   -0.7958   34.1120  245.4774
2019   37.26273  272   -0.7637   34.1346  246.0859
2019   37.26281  274   -0.7308   34.1556  246.7074
2019   37.26290  276   -0.6951   34.1776  247.1782
2019   37.26298  278   -0.6668   34.1985  247.7294
2019   37.26306  280   -0.6328   34.2180  248.2319
2019   37.26316  282   -0.5828   34.2414  248.6635
2019   37.26326  284   -0.5426   34.2595  249.1979
2019   37.26334  286   -0.5135   34.2805  249.5334
2019   37.26342  288   -0.4858   34.2992  249.8601
2019   37.26351  290   -0.4585   34.3167  250.0543
2019   37.26359  292   -0.4262   34.3345  250.2995
2019   37.26367  294   -0.3832   34.3507  250.4326
2019   37.26376  296   -0.3603   34.3634  250.6015
2019   37.26384  298   -0.3343   34.3751  250.7861
2019   37.26394  300   -0.3020   34.3888  250.8404
2019   37.26404  302   -0.2719   34.4036  250.9592
2019   37.26412  304   -0.2394   34.4182  250.9441
2019   37.26420  306   -0.2066   34.4326  251.0044
2019   37.26429  308   -0.1712   34.4474  251.0743
2019   37.26437  310   -0.1345   34.4622  251.1071
2019   37.26445  312   -0.1026   34.4752  251.2084
2019   37.26453  314   -0.0725   34.4863  251.2728
2019   37.26462  316   -0.0476   34.4974  251.3667
2019   37.26472  318   -0.0203   34.5082  251.5278
2019   37.26481  320    0.0042   34.5179  251.7629
2019   37.26490  322    0.0273   34.5278  251.8881
2019   37.26498  324    0.0531   34.5368  252.0174
2019   37.26506  326    0.0737   34.5450  252.2850
2019   37.26515  328    0.1002   34.5550  252.5578
2019   37.26523  330    0.1208   34.5627  252.7439
2019   37.26531  332    0.1544   34.5773  252.9172
2019   37.26540  334    0.1666   34.5831  253.2520
2019   37.26549  336    0.1826   34.5908  253.5776
2019   37.26559  338    0.2007   34.5979  253.9483
2019   37.26568  340    0.2263   34.6070  254.2217
2019   37.26576  342    0.2385   34.6125  254.6475
2019   37.26584  344    0.2456   34.6156  255.2398
2019   37.26592  346    0.2669   34.6251  255.5548
2019   37.26601  348    0.2831   34.6322  255.7218
2019   37.26609  350    0.3097   34.6410  255.9043
2019   37.26617  352    0.3237   34.6472  256.3226
2019   37.26627  354    0.3487   34.6563  256.9783
2019   37.26637  356    0.3648   34.6639  257.5828
2019   37.26645  358    0.3685   34.6661  258.0873
2019   37.26654  360    0.3805   34.6705  258.3128
2019   37.26662  362    0.4117   34.6825  258.4146
2019   37.26670  364    0.4341   34.6942  258.5246
2019   37.26679  366    0.4425   34.6996  258.8737
2019   37.26687  368    0.4680   34.7075  259.2370
2019   37.26696  370    0.4794   34.7116  259.7866
2019   37.26706  372    0.4861   34.7133  260.3985
2019   37.26715  374    0.4874   34.7143  260.9083
2019   37.26723  376    0.4883   34.7147  261.2728
2019   37.26731  378    0.4903   34.7160  261.4889
2019   37.26740  380    0.5188   34.7251  261.5131
2019   37.26748  382    0.5323   34.7304  261.6359
2019   37.26756  384    0.5394   34.7337  261.7741
2019   37.26766  386    0.5661   34.7447  261.9057
2019   37.26776  388    0.5827   34.7507  262.2861
2019   37.26784  390    0.5845   34.7525  262.9700
2019   37.26792  392    0.5841   34.7535  263.5389
2019   37.26801  394    0.5840   34.7539  263.9135
2019   37.26809  396    0.5844   34.7543  264.1682
2019   37.26818  398    0.5889   34.7553  264.2260
2019   37.26826  400    0.6044   34.7608  264.2954
2019   37.26835  402    0.6145   34.7640  264.4599
2019   37.26845  404    0.6148   34.7650  264.7044
2019   37.26853  406    0.6181   34.7665  264.9060
2019   37.26862  408    0.6369   34.7722  265.0402
2019   37.26870  410    0.6435   34.7749  265.3202
2019   37.26878  412    0.6438   34.7759  265.7183
2019   37.26887  414    0.6434   34.7764  265.9137
2019   37.26895  416    0.6421   34.7765  266.1546
2019   37.26905  418    0.6413   34.7766  266.2619
2019   37.26915  420    0.6409   34.7768  266.3402
2019   37.26923  422    0.6393   34.7767  266.3661
2019   37.26931  424    0.6369   34.7769  266.4128
2019   37.26939  426    0.6364   34.7767  266.4602
2019   37.26948  428    0.6328   34.7767  266.4631
2019   37.26956  430    0.6304   34.7767  266.4730
2019   37.26965  432    0.6302   34.7765  266.5184
2019   37.26973  434    0.6303   34.7765  266.5687
2019   37.26983  436    0.6304   34.7764  266.5869
2019   37.26992  438    0.6304   34.7764  266.5861
2019   37.27001  440    0.6425   34.7793  266.5067
2019   37.27009  442    0.6767   34.7877  266.4179
2019   37.27017  444    0.7026   34.7946  266.4253
2019   37.27026  446    0.7135   34.7980  266.4443
2019   37.27034  448    0.7306   34.8028  266.5862
2019   37.27042  450    0.7349   34.8047  266.9239
2019   37.27052  452    0.7319   34.8059  267.3588
2019   37.27062  454    0.7293   34.8066  267.6089
2019   37.27070  456    0.7271   34.8070  267.7891
2019   37.27078  458    0.7258   34.8073  267.9482
2019   37.27087  460    0.7251   34.8073  268.0902
2019   37.27095  462    0.7250   34.8074  268.2005
2019   37.27103  464    0.7251   34.8074  268.2282
2019   37.27112  466    0.7251   34.8075  268.2713
2019   37.27122  468    0.7251   34.8074  268.3377
2019   37.27131  470    0.7273   34.8079  268.3029
2019   37.27140  472    0.7373   34.8101  268.2559
2019   37.27148  474    0.7402   34.8108  268.3811
2019   37.27156  476    0.7409   34.8112  268.4869
2019   37.27165  478    0.7416   34.8114  268.5548
2019   37.27173  480    0.7419   34.8114  268.6033
2019   37.27181  482    0.7422   34.8115  268.6447
2019   37.27191  484    0.7425   34.8117  268.6305
2019   37.27201  486    0.7474   34.8124  268.6293
2019   37.27209  488    0.7567   34.8141  268.6116
2019   37.27217  490    0.7608   34.8152  268.6059
2019   37.27226  492    0.7595   34.8157  268.7053
2019   37.27234  494    0.7574   34.8159  268.7705
2019   37.27242  496    0.7560   34.8159  268.8183
2019   37.27252  498    0.7544   34.8160  268.8836
2019   37.27262  500    0.7523   34.8161  268.9184
2019   37.27270  502    0.7514   34.8160  268.9168
2019   37.27279  504    0.7505   34.8163  268.9668
2019   37.27287  506    0.7501   34.8160  268.9458
2019   37.27295  508    0.7496   34.8161  268.9529
2019   37.27304  510    0.7493   34.8160  268.9937
2019   37.27312  512    0.7490   34.8158  268.9707
2019   37.27321  514    0.7487   34.8159  268.9884
2019   37.27331  516    0.7482   34.8159  269.0182
2019   37.27340  518    0.7479   34.8158  269.0042
2019   37.27348  520    0.7476   34.8158  268.9581
2019   37.27356  522    0.7473   34.8158  268.9803
2019   37.27365  524    0.7472   34.8156  268.9948
2019   37.27373  526    0.7469   34.8157  268.9877
2019   37.27381  528    0.7468   34.8157  269.0165
2019   37.27391  530    0.7470   34.8156  269.0151
2019   37.27401  532    0.7485   34.8163  269.0118
2019   37.27409  534    0.7529   34.8179  269.0025
2019   37.27417  536    0.7547   34.8193  269.0441
2019   37.27426  538    0.7582   34.8216  269.1821
2019   37.27434  540    0.7630   34.8233  269.3864
2019   37.27443  542    0.7668   34.8252  269.6180
2019   37.27451  544    0.7689   34.8262  269.8881
2019   37.27459  546    0.7695   34.8275  270.1621
2019   37.27469  548    0.7701   34.8288  270.4620
2019   37.27478  550    0.7702   34.8299  270.7524
2019   37.27487  552    0.7677   34.8302  271.0074
2019   37.27495  554    0.7644   34.8307  271.2228
2019   37.27503  556    0.7607   34.8320  271.3785
2019   37.27512  558    0.7575   34.8326  271.5379
2019   37.27520  560    0.7556   34.8329  271.6728
2019   37.27529  562    0.7516   34.8332  271.7406
2019   37.27538  564    0.7458   34.8335  271.7774
2019   37.27548  566    0.7415   34.8335  271.8168
2019   37.27556  568    0.7368   34.8333  271.7983
2019   37.27564  570    0.7318   34.8333  271.8132
2019   37.27573  572    0.7283   34.8331  271.7534
2019   37.27581  574    0.7235   34.8335  271.7206
2019   37.27590  576    0.7175   34.8337  271.7424
2019   37.27598  578    0.7107   34.8337  271.7783
2019   37.27608  580    0.7059   34.8336  271.7454
2019   37.27617  582    0.7015   34.8335  271.6934
2019   37.27626  584    0.6975   34.8333  271.6075
2019   37.27634  586    0.6933   34.8332  271.5832
2019   37.27642  588    0.6887   34.8332  271.5487
2019   37.27651  590    0.6882   34.8334  271.4648
2019   37.27659  592    0.6857   34.8338  271.5114
2019   37.27669  594    0.6814   34.8342  271.5879
2019   37.27679  596    0.6771   34.8341  271.6982
2019   37.27687  598    0.6705   34.8344  271.7862
2019   37.27695  600    0.6654   34.8343  271.8083
2019   37.27703  602    0.6639   34.8346  271.8109
2019   37.27712  604    0.6604   34.8348  271.8805
2019   37.27720  606    0.6551   34.8350  271.9820
2019   37.27728  608    0.6505   34.8353  272.0929
2019   37.27738  610    0.6454   34.8356  272.1331
2019   37.27748  612    0.6405   34.8356  272.1976
2019   37.27756  614    0.6355   34.8356  272.2661
2019   37.27765  616    0.6299   34.8354  272.2538
2019   37.27773  618    0.6218   34.8355  272.1865
2019   37.27781  620    0.6164   34.8354  272.1221
2019   37.27790  622    0.6126   34.8352  272.0414
2019   37.27798  624    0.6071   34.8353  271.9723
2019   37.27808  626    0.6012   34.8351  271.8472
2019   37.27818  628    0.5948   34.8349  271.7844
2019   37.27826  630    0.5887   34.8351  271.6654
2019   37.27834  632    0.5851   34.8345  271.5746
2019   37.27842  634    0.5811   34.8345  271.4484
2019   37.27851  636    0.5770   34.8344  271.4053
2019   37.27859  638    0.5733   34.8342  271.3066
2019   37.27867  640    0.5676   34.8342  271.3246
2019   37.27877  642    0.5628   34.8342  271.2204
2019   37.27887  644    0.5594   34.8339  271.1323
2019   37.27895  646    0.5566   34.8343  271.0639
2019   37.27904  648    0.5541   34.8347  271.0798
2019   37.27912  650    0.5518   34.8351  271.1650
2019   37.27920  652    0.5496   34.8356  271.3168
2019   37.27929  654    0.5472   34.8361  271.5591
2019   37.27937  656    0.5450   34.8365  271.8226
2019   37.27946  658    0.5412   34.8366  272.1220
2019   37.27956  660    0.5381   34.8369  272.2780
2019   37.27965  662    0.5365   34.8371  272.3888
2019   37.27973  664    0.5332   34.8375  272.5366
2019   37.27981  666    0.5293   34.8380  272.6198
2019   37.27990  668    0.5266   34.8382  272.7536
2019   37.27998  670    0.5237   34.8386  272.8438
2019   37.28006  672    0.5198   34.8389  273.0041
2019   37.28016  674    0.5151   34.8393  273.0891
2019   37.28026  676    0.5113   34.8394  273.1659
2019   37.28034  678    0.5084   34.8398  273.2324
2019   37.28042  680    0.5066   34.8400  273.2349
2019   37.28051  682    0.5044   34.8401  273.2749
2019   37.28059  684    0.5015   34.8400  273.3154
2019   37.28068  686    0.4987   34.8403  273.2707
2019   37.28076  688    0.4959   34.8404  273.1468
2019   37.28085  690    0.4923   34.8407  273.0935
2019   37.28095  692    0.4891   34.8412  273.0725
2019   37.28103  694    0.4867   34.8413  273.0485
2019   37.28112  696    0.4843   34.8414  272.9527
2019   37.28120  698    0.4811   34.8415  272.7544
2019   37.28128  700    0.4773   34.8415  272.5638
2019   37.28137  702    0.4736   34.8415  272.3514
2019   37.28145  704    0.4706   34.8417  272.2045
2019   37.28155  706    0.4674   34.8418  272.1746
2019   37.28165  708    0.4648   34.8419  272.1136
2019   37.28173  710    0.4629   34.8419  272.1801
2019   37.28181  712    0.4604   34.8423  272.1547
2019   37.28189  714    0.4574   34.8425  272.1823
2019   37.28198  716    0.4538   34.8429  272.2286
2019   37.28206  718    0.4506   34.8431  272.2971
2019   37.28215  720    0.4473   34.8435  272.3181
2019   37.28223  722    0.4451   34.8433  272.4430
2019   37.28233  724    0.4423   34.8434  272.5535
2019   37.28242  726    0.4395   34.8437  272.6129
2019   37.28251  728    0.4369   34.8438  272.6772
2019   37.28259  730    0.4354   34.8437  272.7248
2019   37.28267  732    0.4329   34.8440  272.7816
2019   37.28276  734    0.4296   34.8444  272.8469
2019   37.28284  736    0.4271   34.8444  272.9268
2019   37.28292  738    0.4246   34.8447  273.0370
2019   37.28302  740    0.4208   34.8449  273.0242
2019   37.28312  742    0.4170   34.8450  272.9271
2019   37.28320  744    0.4146   34.8449  272.9735
2019   37.28328  746    0.4127   34.8451  273.0559
2019   37.28337  748    0.4103   34.8450  273.1457
2019   37.28345  750    0.4066   34.8453  273.2057
2019   37.28353  752    0.4043   34.8453  273.2194
2019   37.28362  754    0.4018   34.8456  273.3228
2019   37.28372  756    0.3990   34.8459  273.3129
2019   37.28381  758    0.3958   34.8460  273.2553
2019   37.28388  760    0.3879   34.8459  272.8311
%endofdat
