%ITP 110, profile 485: year day longitude(E+) latitude(N+) ndepths
2019  141.00141  -140.5211  73.8948  151 0
%year day pressure(dbar) temperature(C) salinity oxygen(umol/kg)
2019  141.04236  432    0.5896   34.7452  262.4383
2019  141.04251  434    0.5936   34.7465  262.4485
2019  141.04038  436    0.5985   34.7482  262.7721
2019  141.03928  438    0.6042   34.7500  263.4490
2019  141.03865  440    0.6049   34.7502  263.5528
2019  141.03776  442    0.6090   34.7517  263.1822
2019  141.03734  444    0.6181   34.7551  263.7639
2019  141.03695  446    0.6250   34.7567  264.3592
2019  141.03659  448    0.6252   34.7568  264.3422
2019  141.03620  450    0.6254   34.7568  264.3458
2019  141.03581  452    0.6259   34.7570  264.4011
2019  141.03542  454    0.6282   34.7575  264.8565
2019  141.03505  456    0.6298   34.7580  264.8025
2019  141.03469  458    0.6303   34.7583  263.7804
2019  141.03431  460    0.6358   34.7604  263.3079
2019  141.03392  462    0.6421   34.7630  262.5593
2019  141.03358  464    0.6500   34.7670  262.7876
2019  141.03326  466    0.6590   34.7708  261.3778
2019  141.03288  468    0.6653   34.7743  261.9428
2019  141.03247  470    0.6698   34.7762  262.2258
2019  141.03208  472    0.6789   34.7794  263.3990
2019  141.03174  474    0.6858   34.7820  264.0877
2019  141.03142  476    0.6891   34.7829  264.2654
2019  141.03106  478    0.6941   34.7847  264.8299
2019  141.03069  480    0.6984   34.7861  265.4193
2019  141.03031  482    0.6999   34.7868  265.7713
2019  141.02991  484    0.7033   34.7877  265.9895
2019  141.02951  486    0.7036   34.7877  265.9980
2019  141.02912  488    0.7037   34.7876  265.9879
2019  141.02877  490    0.7040   34.7878  265.9182
2019  141.02848  492    0.7070   34.7890  265.9507
2019  141.02819  494    0.7081   34.7894  266.0888
2019  141.02781  496    0.7087   34.7895  265.8821
2019  141.02740  498    0.7109   34.7905  265.1668
2019  141.02702  500    0.7174   34.7929  265.7670
2019  141.02669  502    0.7228   34.7948  266.2126
2019  141.02638  504    0.7245   34.7954  266.7333
2019  141.02606  506    0.7286   34.7970  267.0223
2019  141.02573  508    0.7296   34.7976  267.0854
2019  141.02540  510    0.7292   34.7975  267.1319
2019  141.02505  512    0.7290   34.7976  267.1352
2019  141.02469  514    0.7279   34.7976  267.1582
2019  141.02433  516    0.7268   34.7975  267.1178
2019  141.02399  518    0.7259   34.7975  267.0865
2019  141.02366  520    0.7248   34.7974  267.0432
2019  141.02328  522    0.7243   34.7974  267.0323
2019  141.02294  524    0.7222   34.7973  267.0012
2019  141.02265  526    0.7217   34.7972  266.9840
2019  141.02237  528    0.7213   34.7971  266.8956
2019  141.02208  530    0.7190   34.7970  266.6983
2019  141.02181  532    0.7155   34.7967  266.3744
2019  141.02159  534    0.7096   34.7965  266.0497
2019  141.02133  536    0.7043   34.7961  265.6557
2019  141.02101  538    0.6954   34.7957  265.0054
2019  141.02070  540    0.6859   34.7956  264.2051
2019  141.02045  542    0.6790   34.7961  263.9917
2019  141.02017  544    0.6817   34.7981  264.7183
2019  141.01985  546    0.6872   34.8002  265.1013
2019  141.01956  548    0.6898   34.8015  265.6695
2019  141.01926  550    0.6940   34.8030  266.2012
2019  141.01891  552    0.7000   34.8048  266.8922
2019  141.01858  554    0.7006   34.8062  266.8227
2019  141.01828  556    0.6940   34.8061  266.6895
2019  141.01799  558    0.6908   34.8066  266.8750
2019  141.01769  560    0.6879   34.8078  266.8909
2019  141.01738  562    0.6862   34.8081  267.4120
2019  141.01706  564    0.6894   34.8097  267.5721
2019  141.01676  566    0.6885   34.8096  267.7273
2019  141.01648  568    0.6869   34.8105  268.5883
2019  141.01622  570    0.6937   34.8121  269.2317
2019  141.01594  572    0.6965   34.8133  269.3655
2019  141.01563  574    0.6964   34.8133  269.3171
2019  141.01535  576    0.6931   34.8131  269.1143
2019  141.01512  578    0.6878   34.8130  268.9246
2019  141.01484  580    0.6831   34.8128  268.8914
2019  141.01453  582    0.6793   34.8127  268.8551
2019  141.01427  584    0.6760   34.8127  268.8511
2019  141.01404  586    0.6737   34.8126  268.8199
2019  141.01378  588    0.6668   34.8128  268.9956
2019  141.01351  590    0.6672   34.8132  269.0809
2019  141.01326  592    0.6645   34.8131  268.9320
2019  141.01304  594    0.6604   34.8131  268.7008
2019  141.01281  596    0.6525   34.8127  268.5970
2019  141.01258  598    0.6464   34.8126  268.4730
2019  141.01234  600    0.6405   34.8124  268.3287
2019  141.01209  602    0.6322   34.8123  268.4737
2019  141.01184  604    0.6293   34.8128  268.7039
2019  141.01163  606    0.6240   34.8135  268.4258
2019  141.01142  608    0.6156   34.8131  268.1918
2019  141.01119  610    0.6084   34.8133  268.0548
2019  141.01097  612    0.6046   34.8132  268.3395
2019  141.01077  614    0.6043   34.8133  268.8491
2019  141.01058  616    0.6063   34.8144  268.8176
2019  141.01040  618    0.6023   34.8144  268.8663
2019  141.01020  620    0.5974   34.8145  269.3877
2019  141.00999  622    0.6002   34.8154  269.5403
2019  141.00980  624    0.5981   34.8155  269.5009
2019  141.00962  626    0.5945   34.8157  269.3841
2019  141.00942  628    0.5901   34.8155  269.4557
2019  141.00921  630    0.5864   34.8156  269.2798
2019  141.00904  632    0.5803   34.8155  269.3376
2019  141.00885  634    0.5769   34.8154  269.5093
2019  141.00866  636    0.5765   34.8155  269.5325
2019  141.00847  638    0.5701   34.8156  269.4458
2019  141.00829  640    0.5659   34.8153  269.3094
2019  141.00810  642    0.5603   34.8153  269.4383
2019  141.00791  644    0.5587   34.8153  269.3582
2019  141.00773  646    0.5528   34.8153  269.3516
2019  141.00755  648    0.5489   34.8152  269.2573
2019  141.00737  650    0.5432   34.8152  269.2227
2019  141.00720  652    0.5396   34.8151  269.2326
2019  141.00704  654    0.5353   34.8154  269.3038
2019  141.00688  656    0.5316   34.8158  269.3831
2019  141.00674  658    0.5260   34.8162  269.5530
2019  141.00661  660    0.5242   34.8165  269.7648
2019  141.00645  662    0.5215   34.8169  270.0730
2019  141.00630  664    0.5185   34.8177  270.3015
2019  141.00617  666    0.5160   34.8183  270.3754
2019  141.00603  668    0.5124   34.8185  270.6374
2019  141.00590  670    0.5115   34.8187  270.9137
2019  141.00577  672    0.5134   34.8193  270.8981
2019  141.00565  674    0.5119   34.8192  270.9247
2019  141.00552  676    0.5075   34.8197  270.8957
2019  141.00540  678    0.5049   34.8198  270.7905
2019  141.00527  680    0.4991   34.8201  270.7773
2019  141.00514  682    0.4958   34.8202  270.8277
2019  141.00502  684    0.4914   34.8205  270.9598
2019  141.00488  686    0.4904   34.8208  271.0328
2019  141.00476  688    0.4885   34.8210  270.9672
2019  141.00463  690    0.4848   34.8218  270.8439
2019  141.00449  692    0.4807   34.8216  270.8434
2019  141.00437  694    0.4790   34.8217  270.8833
2019  141.00424  696    0.4769   34.8218  270.9030
2019  141.00410  698    0.4737   34.8224  270.8763
2019  141.00397  700    0.4739   34.8228  270.7589
2019  141.00381  702    0.4716   34.8232  270.6339
2019  141.00365  704    0.4688   34.8234  270.6122
2019  141.00349  706    0.4653   34.8234  270.6633
2019  141.00335  708    0.4644   34.8232  270.6553
2019  141.00320  710    0.4619   34.8235  270.6263
2019  141.00305  712    0.4568   34.8237  270.6602
2019  141.00290  714    0.4541   34.8237  270.8372
2019  141.00274  716    0.4527   34.8238  271.0131
2019  141.00260  718    0.4509   34.8242  271.0526
2019  141.00248  720    0.4482   34.8245  271.1329
2019  141.00235  722    0.4443   34.8249  271.1591
2019  141.00222  724    0.4427   34.8251  271.1538
2019  141.00209  726    0.4404   34.8252  271.0987
2019  141.00197  728    0.4369   34.8255  271.0957
2019  141.00184  730    0.4342   34.8253  271.1791
2019  141.00177  732    0.4328   34.8254  271.1697
%endofdat
