%ITP 110, profile 600: year day longitude(E+) latitude(N+) ndepths
2019  198.25140  -141.2341  73.6102  207 0
%year day pressure(dbar) temperature(C) salinity oxygen(umol/kg)
2019  198.25179  348    0.0553   34.3449  254.3625
2019  198.25186  350    0.0690   34.3512  254.3242
2019  198.25194  352    0.0910   34.3601  254.3141
2019  198.25204  354    0.1209   34.3734  254.3891
2019  198.25213  356    0.1497   34.3822  254.5097
2019  198.25222  358    0.1597   34.3858  254.8137
2019  198.25231  360    0.1749   34.3943  254.9483
2019  198.25241  362    0.2016   34.4056  254.9905
2019  198.25250  364    0.2178   34.4120  255.1844
2019  198.25259  366    0.2370   34.4189  255.4556
2019  198.25269  368    0.2510   34.4244  255.9257
2019  198.25277  370    0.2682   34.4320  256.2834
2019  198.25287  372    0.2844   34.4390  256.4655
2019  198.25297  374    0.2989   34.4460  256.5171
2019  198.25305  376    0.3181   34.4547  256.6055
2019  198.25315  378    0.3402   34.4639  256.8312
2019  198.25324  380    0.3618   34.4713  256.9901
2019  198.25333  382    0.3761   34.4776  257.1740
2019  198.25343  384    0.3945   34.4864  257.4210
2019  198.25352  386    0.4115   34.4949  257.5886
2019  198.25361  388    0.4311   34.5043  257.7105
2019  198.25369  390    0.4519   34.5135  257.9417
2019  198.25379  392    0.4701   34.5202  258.3538
2019  198.25389  394    0.4852   34.5259  258.9574
2019  198.25398  396    0.4975   34.5316  259.4419
2019  198.25408  398    0.5086   34.5363  259.7725
2019  198.25416  400    0.5165   34.5416  259.9867
2019  198.25426  402    0.5206   34.5458  260.0751
2019  198.25436  404    0.5285   34.5518  259.5589
2019  198.25445  406    0.5395   34.5574  258.8589
2019  198.25455  408    0.5467   34.5607  258.3371
2019  198.25463  410    0.5529   34.5642  258.0067
2019  198.25473  412    0.5594   34.5684  258.1907
2019  198.25483  414    0.5645   34.5719  258.5264
2019  198.25491  416    0.5703   34.5749  258.9536
2019  198.25501  418    0.5768   34.5776  259.4803
2019  198.25511  420    0.5823   34.5808  259.8919
2019  198.25520  422    0.5872   34.5827  260.0320
2019  198.25530  424    0.5916   34.5860  260.0395
2019  198.25540  426    0.5963   34.5883  260.2605
2019  198.25549  428    0.6002   34.5902  260.7261
2019  198.25558  430    0.6029   34.5916  261.1145
2019  198.25568  432    0.6064   34.5937  261.3214
2019  198.25577  434    0.6094   34.5958  261.5308
2019  198.25587  436    0.6150   34.5990  261.5051
2019  198.25597  438    0.6220   34.6007  261.6165
2019  198.25606  440    0.6267   34.6032  262.0437
2019  198.25616  442    0.6317   34.6049  262.5082
2019  198.25625  444    0.6313   34.6056  263.2752
2019  198.25634  446    0.6319   34.6071  263.8688
2019  198.25644  448    0.6343   34.6087  263.7197
2019  198.25654  450    0.6365   34.6113  263.1778
2019  198.25664  452    0.6394   34.6132  262.4618
2019  198.25672  454    0.6429   34.6154  261.6589
2019  198.25681  456    0.6470   34.6178  261.1919
2019  198.25691  458    0.6523   34.6207  260.8857
2019  198.25701  460    0.6585   34.6231  260.7355
2019  198.25711  462    0.6640   34.6255  260.7738
2019  198.25720  464    0.6681   34.6281  260.8583
2019  198.25730  466    0.6710   34.6297  260.9737
2019  198.25738  468    0.6749   34.6319  261.1384
2019  198.25748  470    0.6815   34.6337  261.3743
2019  198.25759  472    0.6880   34.6361  261.8641
2019  198.25769  474    0.6922   34.6375  262.4698
2019  198.25779  476    0.6962   34.6387  263.1084
2019  198.25789  478    0.6980   34.6404  263.7191
2019  198.25797  480    0.7004   34.6413  264.1726
2019  198.25806  482    0.6994   34.6428  264.5410
2019  198.25816  484    0.6998   34.6435  265.0883
2019  198.25826  486    0.7001   34.6440  265.5003
2019  198.25836  488    0.7005   34.6441  265.7141
2019  198.25845  490    0.7026   34.6457  265.8314
2019  198.25855  492    0.7032   34.6462  265.8892
2019  198.25865  494    0.7034   34.6466  266.0423
2019  198.25875  496    0.7049   34.6474  265.9726
2019  198.25884  498    0.7076   34.6490  265.4826
2019  198.25894  500    0.7104   34.6504  265.1515
2019  198.25904  502    0.7123   34.6517  265.0278
2019  198.25914  504    0.7148   34.6530  265.0155
2019  198.25923  506    0.7161   34.6541  265.2163
2019  198.25933  508    0.7183   34.6548  265.5496
2019  198.25941  510    0.7234   34.6563  265.9251
2019  198.25951  512    0.7307   34.6575  266.3787
2019  198.25961  514    0.7307   34.6571  267.0946
2019  198.25970  516    0.7264   34.6576  267.6334
2019  198.25980  518    0.7237   34.6579  267.8670
2019  198.25988  520    0.7226   34.6579  267.9640
2019  198.25998  522    0.7219   34.6580  267.9617
2019  198.26008  524    0.7215   34.6579  267.9494
2019  198.26018  526    0.7208   34.6583  267.9201
2019  198.26027  528    0.7200   34.6583  267.9146
2019  198.26037  530    0.7176   34.6583  267.9519
2019  198.26047  532    0.7137   34.6582  267.9054
2019  198.26056  534    0.7104   34.6582  267.8752
2019  198.26066  536    0.7061   34.6582  267.7728
2019  198.26074  538    0.7005   34.6580  267.5981
2019  198.26084  540    0.6956   34.6582  267.3681
2019  198.26094  542    0.6909   34.6582  267.1005
2019  198.26104  544    0.6878   34.6589  266.8212
2019  198.26113  546    0.6841   34.6594  266.3833
2019  198.26122  548    0.6808   34.6605  266.0393
2019  198.26131  550    0.6794   34.6612  265.7294
2019  198.26143  552    0.6801   34.6621  265.5884
2019  198.26152  554    0.6790   34.6633  265.6310
2019  198.26160  556    0.6799   34.6636  265.7531
2019  198.26170  558    0.6789   34.6646  266.0261
2019  198.26180  560    0.6758   34.6651  266.2625
2019  198.26190  562    0.6741   34.6671  266.4469
2019  198.26199  564    0.6754   34.6666  266.6165
2019  198.26209  566    0.6694   34.6669  266.9163
2019  198.26219  568    0.6657   34.6679  266.9862
2019  198.26229  570    0.6616   34.6685  267.0238
2019  198.26238  572    0.6612   34.6688  267.0001
2019  198.26247  574    0.6609   34.6688  267.0422
2019  198.26256  576    0.6607   34.6675  267.2384
2019  198.26266  578    0.6625   34.6680  267.4165
2019  198.26276  580    0.6618   34.6661  267.6751
2019  198.26285  582    0.6564   34.6669  268.0547
2019  198.26295  584    0.6565   34.6689  268.2075
2019  198.26305  586    0.6522   34.6682  268.4316
2019  198.26313  588    0.6461   34.6668  268.7651
2019  198.26323  590    0.6420   34.6663  268.8974
2019  198.26333  592    0.6399   34.6663  268.8971
2019  198.26343  594    0.6348   34.6660  268.9081
2019  198.26352  596    0.6304   34.6655  268.8531
2019  198.26362  598    0.6246   34.6647  268.7279
2019  198.26372  600    0.6199   34.6640  268.6112
2019  198.26381  602    0.6181   34.6641  268.4794
2019  198.26391  604    0.6145   34.6639  268.5268
2019  198.26401  606    0.6099   34.6642  268.5820
2019  198.26410  608    0.6063   34.6641  268.6277
2019  198.26420  610    0.6029   34.6637  268.5281
2019  198.26430  612    0.5993   34.6633  268.4483
2019  198.26438  614    0.5958   34.6629  268.4088
2019  198.26448  616    0.5923   34.6633  268.4266
2019  198.26458  618    0.5891   34.6634  268.4846
2019  198.26468  620    0.5889   34.6638  268.5778
2019  198.26477  622    0.5860   34.6622  268.7525
2019  198.26487  624    0.5839   34.6625  268.9040
2019  198.26497  626    0.5807   34.6622  268.9741
2019  198.26506  628    0.5769   34.6625  269.1499
2019  198.26516  630    0.5748   34.6615  269.2175
2019  198.26526  632    0.5727   34.6620  269.3139
2019  198.26537  634    0.5699   34.6619  269.5605
2019  198.26547  636    0.5667   34.6616  269.7863
2019  198.26555  638    0.5636   34.6614  269.9458
2019  198.26565  640    0.5595   34.6614  270.0117
2019  198.26576  642    0.5550   34.6612  270.0922
2019  198.26586  644    0.5506   34.6610  270.1476
2019  198.26595  646    0.5456   34.6611  270.0692
2019  198.26605  648    0.5411   34.6611  270.0706
2019  198.26615  650    0.5393   34.6607  270.0081
2019  198.26625  652    0.5367   34.6606  269.9869
2019  198.26634  654    0.5333   34.6608  269.9860
2019  198.26644  656    0.5305   34.6609  269.9674
2019  198.26654  658    0.5274   34.6611  269.9223
2019  198.26665  660    0.5249   34.6604  269.8413
2019  198.26674  662    0.5229   34.6587  269.7842
2019  198.26684  664    0.5204   34.6586  269.7463
2019  198.26695  666    0.5182   34.6588  269.7532
2019  198.26705  668    0.5160   34.6589  269.7950
2019  198.26715  670    0.5127   34.6591  269.8999
2019  198.26725  672    0.5091   34.6596  269.9626
2019  198.26734  674    0.5071   34.6595  270.0652
2019  198.26745  676    0.5052   34.6582  270.1151
2019  198.26755  678    0.5035   34.6582  270.1244
2019  198.26765  680    0.5015   34.6583  270.1796
2019  198.26776  682    0.4988   34.6584  270.3411
2019  198.26785  684    0.4971   34.6586  270.4535
2019  198.26795  686    0.4949   34.6587  270.5735
2019  198.26806  688    0.4923   34.6590  270.6879
2019  198.26816  690    0.4902   34.6589  270.8171
2019  198.26826  692    0.4870   34.6589  270.8185
2019  198.26837  694    0.4832   34.6595  270.7907
2019  198.26847  696    0.4794   34.6601  270.7668
2019  198.26856  698    0.4761   34.6594  270.9120
2019  198.26867  700    0.4734   34.6592  271.0095
2019  198.26877  702    0.4712   34.6592  271.0621
2019  198.26887  704    0.4689   34.6593  271.1253
2019  198.26897  706    0.4671   34.6590  271.1877
2019  198.26907  708    0.4651   34.6595  271.2867
2019  198.26918  710    0.4623   34.6596  271.3885
2019  198.26927  712    0.4591   34.6600  271.4174
2019  198.26937  714    0.4568   34.6600  271.4189
2019  198.26947  716    0.4549   34.6597  271.3916
2019  198.26957  718    0.4527   34.6600  271.3819
2019  198.26966  720    0.4503   34.6599  271.4156
2019  198.26975  722    0.4483   34.6599  271.4620
2019  198.26984  724    0.4458   34.6597  271.5290
2019  198.26994  726    0.4433   34.6598  271.5732
2019  198.27004  728    0.4396   34.6597  271.6843
2019  198.27015  730    0.4355   34.6605  271.7102
2019  198.27025  732    0.4339   34.6605  271.7612
2019  198.27034  734    0.4314   34.6605  271.8231
2019  198.27044  736    0.4284   34.6608  271.8365
2019  198.27054  738    0.4264   34.6608  271.9070
2019  198.27065  740    0.4246   34.6608  271.9883
2019  198.27074  742    0.4216   34.6608  272.0870
2019  198.27084  744    0.4188   34.6609  272.1343
2019  198.27094  746    0.4165   34.6610  272.2733
2019  198.27104  748    0.4146   34.6609  272.3588
2019  198.27113  750    0.4121   34.6610  272.3885
2019  198.27123  752    0.4095   34.6611  272.4719
2019  198.27134  754    0.4066   34.6611  272.4857
2019  198.27144  756    0.4041   34.6611  272.4945
2019  198.27154  758    0.4017   34.6613  272.5266
2019  198.27162  760    0.3968   34.6602  272.7627
%endofdat
