%ITP 110, profile 38: year day longitude(E+) latitude(N+) ndepths
2018  282.25140  -134.8526  76.5467  372 0
%year day pressure(dbar) temperature(C) salinity oxygen(umol/kg)
2018  282.25175   18   -1.5421   28.2598  357.5826
2018  282.25182   20   -1.5420   28.2599  357.6520
2018  282.25190   22   -1.5420   28.2600  357.6530
2018  282.25198   24   -1.5419   28.2602  357.7177
2018  282.25207   26   -1.5416   28.2604  357.7232
2018  282.25215   28   -1.5403   28.2615  357.7628
2018  282.25223   30   -1.5276   28.2864  357.5984
2018  282.25232   32   -1.4150   28.5382  356.4190
2018  282.25238   34   -1.3333   28.8669  355.8767
2018  282.25246   36   -1.3269   29.0504  357.3007
2018  282.25254   38   -1.3252   29.1478  360.1628
2018  282.25262   40   -1.2806   29.2676  362.6078
2018  282.25270   42   -1.2460   29.4013  363.5990
2018  282.25279   44   -1.2303   29.5367  363.2788
2018  282.25287   46   -1.1215   29.6598  361.9739
2018  282.25296   48   -0.9440   29.7934  360.2243
2018  282.25304   50   -0.8085   29.9238  357.9990
2018  282.25312   52   -0.6504   30.1188  354.9047
2018  282.25321   54   -0.4527   30.3844  351.2574
2018  282.25329   56   -0.3783   30.5819  348.0112
2018  282.25337   58   -0.3868   30.7505  344.6897
2018  282.25346   60   -0.4435   30.8816  341.0370
2018  282.25354   62   -0.5009   30.9924  337.5507
2018  282.25362   64   -0.5389   31.0803  333.9793
2018  282.25371   66   -0.5345   31.1529  330.4396
2018  282.25379   68   -0.5652   31.2213  327.2908
2018  282.25387   70   -0.6029   31.2869  324.3645
2018  282.25395   72   -0.6233   31.3497  321.6857
2018  282.25404   74   -0.6203   31.3982  319.0484
2018  282.25412   76   -0.6544   31.4347  316.8198
2018  282.25421   78   -0.6635   31.4795  314.7050
2018  282.25429   80   -0.6032   31.5261  313.1050
2018  282.25437   82   -0.5530   31.5800  311.4223
2018  282.25446   84   -0.5541   31.6444  309.4386
2018  282.25454   86   -0.6988   31.7071  307.8645
2018  282.25462   88   -0.8064   31.7484  306.1861
2018  282.25471   90   -0.8298   31.7756  304.7587
2018  282.25479   92   -0.8542   31.8073  303.4872
2018  282.25487   94   -0.8905   31.8468  302.2126
2018  282.25496   96   -0.9264   31.8825  300.9022
2018  282.25504   98   -0.9291   31.9137  299.3037
2018  282.25512  100   -0.9329   31.9444  297.7606
2018  282.25520  102   -0.9553   31.9784  296.0803
2018  282.25529  104   -0.9590   32.0126  294.2804
2018  282.25537  106   -0.9714   32.0427  292.2714
2018  282.25546  108   -0.9928   32.0742  290.1829
2018  282.25554  110   -1.0104   32.1014  288.1207
2018  282.25562  112   -1.0164   32.1259  286.1906
2018  282.25571  114   -1.0356   32.1532  284.3432
2018  282.25579  116   -1.0685   32.1896  282.6852
2018  282.25587  118   -1.0791   32.2177  281.0244
2018  282.25596  120   -1.0752   32.2463  279.4212
2018  282.25604  122   -1.0915   32.2679  277.6452
2018  282.25612  124   -1.1266   32.2917  276.0517
2018  282.25621  126   -1.1698   32.3179  274.7800
2018  282.25629  128   -1.1978   32.3433  273.8392
2018  282.25637  130   -1.2303   32.3687  273.0417
2018  282.25645  132   -1.2610   32.3930  272.1949
2018  282.25654  134   -1.2759   32.4108  271.3912
2018  282.25662  136   -1.2922   32.4292  270.6234
2018  282.25671  138   -1.3011   32.4456  269.7733
2018  282.25679  140   -1.3052   32.4630  268.9960
2018  282.25687  142   -1.3233   32.4800  268.2506
2018  282.25696  144   -1.3385   32.4965  267.4345
2018  282.25704  146   -1.3532   32.5143  266.5321
2018  282.25712  148   -1.3743   32.5302  265.6079
2018  282.25721  150   -1.3991   32.5479  264.8792
2018  282.25729  152   -1.4222   32.5661  264.6865
2018  282.25737  154   -1.4375   32.5863  264.8453
2018  282.25747  156   -1.4477   32.6037  264.9655
2018  282.25757  158   -1.4567   32.6184  264.8364
2018  282.25765  160   -1.4642   32.6304  264.6210
2018  282.25774  162   -1.4718   32.6476  264.3947
2018  282.25782  164   -1.4779   32.6704  264.2621
2018  282.25790  166   -1.4809   32.6874  264.1383
2018  282.25798  168   -1.4835   32.7099  263.9142
2018  282.25807  170   -1.4877   32.7344  263.6520
2018  282.25815  172   -1.4911   32.7608  263.2580
2018  282.25823  174   -1.4944   32.7890  262.9752
2018  282.25832  176   -1.4983   32.8170  262.7021
2018  282.25840  178   -1.4982   32.8342  262.4586
2018  282.25848  180   -1.4990   32.8532  262.2419
2018  282.25857  182   -1.4993   32.8859  261.9372
2018  282.25865  184   -1.4994   32.9154  261.6301
2018  282.25873  186   -1.4988   32.9376  261.2842
2018  282.25883  188   -1.4950   32.9600  260.8922
2018  282.25893  190   -1.4910   32.9854  260.5484
2018  282.25901  192   -1.4848   33.0119  260.1888
2018  282.25909  194   -1.4774   33.0410  259.8447
2018  282.25918  196   -1.4669   33.0791  259.4725
2018  282.25926  198   -1.4550   33.1185  259.1653
2018  282.25934  200   -1.4363   33.1635  258.8306
2018  282.25943  202   -1.4142   33.2096  258.4671
2018  282.25951  204   -1.3976   33.2478  258.1326
2018  282.25959  206   -1.3775   33.2864  257.6758
2018  282.25968  208   -1.3509   33.3261  257.2994
2018  282.25976  210   -1.3220   33.3670  256.7695
2018  282.25986  212   -1.2953   33.4115  255.8824
2018  282.25996  214   -1.2753   33.4483  254.8208
2018  282.26004  216   -1.2419   33.4948  254.0067
2018  282.26012  218   -1.2130   33.5354  253.1955
2018  282.26020  220   -1.1779   33.5870  252.2196
2018  282.26029  222   -1.1406   33.6401  251.2459
2018  282.26037  224   -1.1026   33.6901  250.3115
2018  282.26046  226   -1.0730   33.7333  249.5432
2018  282.26054  228   -1.0438   33.7793  248.9661
2018  282.26064  230   -1.0058   33.8264  248.6075
2018  282.26073  232   -0.9776   33.8643  248.6147
2018  282.26082  234   -0.9493   33.9007  248.8036
2018  282.26090  236   -0.9134   33.9349  249.2848
2018  282.26098  238   -0.8632   33.9761  250.0423
2018  282.26107  240   -0.8191   34.0116  251.2489
2018  282.26115  242   -0.7936   34.0357  252.8234
2018  282.26123  244   -0.7710   34.0594  254.2261
2018  282.26132  246   -0.7350   34.0819  255.2733
2018  282.26141  248   -0.6810   34.1029  256.1197
2018  282.26151  250   -0.6347   34.1244  256.7481
2018  282.26159  252   -0.5925   34.1452  257.2263
2018  282.26168  254   -0.5586   34.1641  257.5589
2018  282.26176  256   -0.5242   34.1822  257.7288
2018  282.26184  258   -0.4942   34.1989  257.9351
2018  282.26193  260   -0.4671   34.2129  257.9341
2018  282.26201  262   -0.4336   34.2267  257.7929
2018  282.26209  264   -0.3996   34.2404  257.6485
2018  282.26219  266   -0.3654   34.2557  257.3105
2018  282.26229  268   -0.3352   34.2698  257.0807
2018  282.26237  270   -0.3017   34.2854  256.8992
2018  282.26246  272   -0.2695   34.2988  256.8086
2018  282.26254  274   -0.2368   34.3134  256.6895
2018  282.26262  276   -0.2093   34.3235  256.7007
2018  282.26270  278   -0.1765   34.3365  256.7057
2018  282.26279  280   -0.1543   34.3470  256.7653
2018  282.26287  282   -0.1224   34.3594  256.8162
2018  282.26297  284   -0.0903   34.3715  256.8951
2018  282.26307  286   -0.0503   34.3864  256.9828
2018  282.26315  288   -0.0270   34.3957  257.1796
2018  282.26323  290   -0.0011   34.4064  257.3845
2018  282.26332  292    0.0164   34.4140  257.6728
2018  282.26340  294    0.0484   34.4258  257.8206
2018  282.26348  296    0.0731   34.4363  258.0642
2018  282.26357  298    0.0896   34.4432  258.3327
2018  282.26365  300    0.1118   34.4516  258.6897
2018  282.26375  302    0.1165   34.4548  259.0698
2018  282.26385  304    0.1523   34.4682  259.1845
2018  282.26393  306    0.1829   34.4786  259.4424
2018  282.26401  308    0.1861   34.4815  259.8659
2018  282.26409  310    0.2058   34.4890  260.1591
2018  282.26418  312    0.2296   34.4974  260.3527
2018  282.26426  314    0.2563   34.5070  260.6413
2018  282.26436  316    0.2609   34.5103  261.0945
2018  282.26446  318    0.2619   34.5109  261.4595
2018  282.26454  320    0.2687   34.5135  261.5932
2018  282.26462  322    0.2923   34.5239  261.6336
2018  282.26471  324    0.3134   34.5326  261.7186
2018  282.26479  326    0.3384   34.5427  261.8698
2018  282.26487  328    0.3486   34.5471  262.1304
2018  282.26496  330    0.3762   34.5586  262.3397
2018  282.26505  332    0.3825   34.5616  262.8025
2018  282.26515  334    0.3837   34.5626  263.2783
2018  282.26524  336    0.3922   34.5666  263.4712
2018  282.26532  338    0.4383   34.5837  263.5028
2018  282.26540  340    0.4602   34.5920  264.0977
2018  282.26548  342    0.4620   34.5938  264.8703
2018  282.26557  344    0.4728   34.5982  265.3285
2018  282.26565  346    0.4971   34.6058  265.6291
2018  282.26575  348    0.5005   34.6081  266.1719
2018  282.26584  350    0.5016   34.6089  266.5855
2018  282.26593  352    0.5031   34.6097  266.7654
2018  282.26601  354    0.5296   34.6215  266.8233
2018  282.26610  356    0.5422   34.6273  267.2251
2018  282.26618  358    0.5530   34.6339  267.7027
2018  282.26626  360    0.5754   34.6447  268.1163
2018  282.26636  362    0.5784   34.6468  268.8081
2018  282.26645  364    0.5788   34.6476  269.3674
2018  282.26654  366    0.5792   34.6480  269.6319
2018  282.26662  368    0.5794   34.6483  269.8310
2018  282.26671  370    0.5795   34.6486  269.9942
2018  282.26679  372    0.5797   34.6486  270.0375
2018  282.26687  374    0.5802   34.6486  270.0627
2018  282.26696  376    0.5804   34.6488  270.0903
2018  282.26705  378    0.5807   34.6488  270.1129
2018  282.26715  380    0.5808   34.6489  270.1761
2018  282.26723  382    0.5809   34.6490  270.1818
2018  282.26732  384    0.5969   34.6548  270.1325
2018  282.26740  386    0.6071   34.6581  270.2831
2018  282.26748  388    0.6281   34.6651  270.5226
2018  282.26757  390    0.6428   34.6693  270.8235
2018  282.26766  392    0.6441   34.6704  271.3395
2018  282.26776  394    0.6446   34.6710  271.6671
2018  282.26784  396    0.6448   34.6712  271.8373
2018  282.26793  398    0.6451   34.6713  271.8798
2018  282.26801  400    0.6451   34.6714  272.0246
2018  282.26809  402    0.6452   34.6715  272.0499
2018  282.26818  404    0.6453   34.6718  272.0564
2018  282.26828  406    0.6455   34.6718  272.0546
2018  282.26837  408    0.6456   34.6718  272.0837
2018  282.26846  410    0.6469   34.6727  272.1380
2018  282.26854  412    0.6670   34.6796  272.0088
2018  282.26862  414    0.6817   34.6843  272.1084
2018  282.26871  416    0.7005   34.6900  272.2306
2018  282.26879  418    0.7052   34.6919  272.4598
2018  282.26887  420    0.7149   34.6948  272.6087
2018  282.26897  422    0.7294   34.6994  272.8637
2018  282.26907  424    0.7312   34.7004  273.1742
2018  282.26915  426    0.7313   34.7011  273.4426
2018  282.26923  428    0.7316   34.7010  273.6059
2018  282.26932  430    0.7317   34.7013  273.6648
2018  282.26940  432    0.7320   34.7015  273.7224
2018  282.26948  434    0.7320   34.7017  273.8195
2018  282.26958  436    0.7325   34.7018  273.8064
2018  282.26968  438    0.7424   34.7036  273.8005
2018  282.26976  440    0.7494   34.7049  273.8021
2018  282.26985  442    0.7501   34.7054  274.0538
2018  282.26993  444    0.7503   34.7059  274.1480
2018  282.27001  446    0.7504   34.7056  274.2601
2018  282.27010  448    0.7504   34.7059  274.2752
2018  282.27019  450    0.7502   34.7062  274.3000
2018  282.27029  452    0.7501   34.7060  274.3001
2018  282.27037  454    0.7498   34.7065  274.3698
2018  282.27046  456    0.7498   34.7058  274.3641
2018  282.27054  458    0.7567   34.7078  274.3337
2018  282.27062  460    0.7674   34.7095  274.3650
2018  282.27071  462    0.7700   34.7103  274.4108
2018  282.27080  464    0.7701   34.7108  274.4258
2018  282.27090  466    0.7701   34.7110  274.4460
2018  282.27098  468    0.7702   34.7112  274.4750
2018  282.27107  470    0.7701   34.7110  274.4329
2018  282.27115  472    0.7702   34.7113  274.4811
2018  282.27123  474    0.7704   34.7110  274.5251
2018  282.27132  476    0.7705   34.7111  274.4696
2018  282.27141  478    0.7705   34.7111  274.5006
2018  282.27151  480    0.7706   34.7113  274.4917
2018  282.27159  482    0.7710   34.7112  274.5190
2018  282.27168  484    0.7736   34.7129  274.5254
2018  282.27176  486    0.7751   34.7138  274.6309
2018  282.27184  488    0.7762   34.7150  274.6946
2018  282.27194  490    0.7777   34.7158  274.8317
2018  282.27204  492    0.7796   34.7178  274.9640
2018  282.27212  494    0.7804   34.7188  275.1447
2018  282.27221  496    0.7813   34.7195  275.3637
2018  282.27229  498    0.7819   34.7206  275.5500
2018  282.27237  500    0.7827   34.7214  275.7498
2018  282.27246  502    0.7830   34.7214  275.9759
2018  282.27255  504    0.7837   34.7228  276.0995
2018  282.27265  506    0.7841   34.7234  276.2971
2018  282.27274  508    0.7842   34.7245  276.4457
2018  282.27282  510    0.7836   34.7247  276.6781
2018  282.27290  512    0.7818   34.7252  276.8662
2018  282.27298  514    0.7795   34.7255  276.9902
2018  282.27308  516    0.7767   34.7267  277.1227
2018  282.27318  518    0.7724   34.7268  277.2204
2018  282.27326  520    0.7677   34.7275  277.3180
2018  282.27334  522    0.7640   34.7281  277.4000
2018  282.27343  524    0.7607   34.7282  277.4608
2018  282.27351  526    0.7573   34.7280  277.4240
2018  282.27360  528    0.7540   34.7280  277.4206
2018  282.27368  530    0.7511   34.7280  277.4359
2018  282.27378  532    0.7481   34.7281  277.4368
2018  282.27387  534    0.7452   34.7281  277.4683
2018  282.27395  536    0.7408   34.7283  277.4649
2018  282.27404  538    0.7370   34.7284  277.4528
2018  282.27412  540    0.7328   34.7282  277.4221
2018  282.27421  542    0.7282   34.7284  277.3975
2018  282.27430  544    0.7224   34.7286  277.3685
2018  282.27440  546    0.7177   34.7287  277.3044
2018  282.27448  548    0.7122   34.7289  277.2943
2018  282.27457  550    0.7075   34.7291  277.3012
2018  282.27465  552    0.7035   34.7288  277.3498
2018  282.27473  554    0.7002   34.7289  277.3748
2018  282.27482  556    0.6967   34.7287  277.3873
2018  282.27491  558    0.6911   34.7289  277.4436
2018  282.27501  560    0.6860   34.7290  277.4262
2018  282.27510  562    0.6799   34.7294  277.4434
2018  282.27518  564    0.6749   34.7295  277.4485
2018  282.27526  566    0.6698   34.7296  277.4770
2018  282.27534  568    0.6659   34.7296  277.5539
2018  282.27543  570    0.6616   34.7295  277.5884
2018  282.27553  572    0.6582   34.7297  277.6821
2018  282.27562  574    0.6551   34.7299  277.7003
2018  282.27571  576    0.6516   34.7299  277.7512
2018  282.27579  578    0.6461   34.7299  277.7532
2018  282.27587  580    0.6412   34.7300  277.7558
2018  282.27596  582    0.6375   34.7298  277.7315
2018  282.27604  584    0.6343   34.7297  277.6795
2018  282.27614  586    0.6301   34.7298  277.6822
2018  282.27623  588    0.6255   34.7298  277.6094
2018  282.27632  590    0.6214   34.7293  277.5499
2018  282.27640  592    0.6139   34.7298  277.5150
2018  282.27649  594    0.6084   34.7295  277.4187
2018  282.27657  596    0.6059   34.7292  277.2915
2018  282.27665  598    0.6023   34.7295  277.2641
2018  282.27675  600    0.5974   34.7291  277.1468
2018  282.27684  602    0.5922   34.7293  277.0948
2018  282.27693  604    0.5887   34.7292  277.0048
2018  282.27701  606    0.5862   34.7290  276.9152
2018  282.27709  608    0.5818   34.7289  276.8399
2018  282.27718  610    0.5770   34.7289  276.8460
2018  282.27726  612    0.5732   34.7286  276.7511
2018  282.27736  614    0.5691   34.7291  276.7409
2018  282.27746  616    0.5652   34.7296  276.6844
2018  282.27754  618    0.5620   34.7300  276.7074
2018  282.27762  620    0.5592   34.7303  276.9478
2018  282.27770  622    0.5548   34.7312  277.1964
2018  282.27779  624    0.5509   34.7312  277.5542
2018  282.27787  626    0.5474   34.7315  277.7758
2018  282.27797  628    0.5438   34.7319  277.9610
2018  282.27807  630    0.5416   34.7320  278.0908
2018  282.27815  632    0.5391   34.7321  278.1639
2018  282.27823  634    0.5361   34.7321  278.3147
2018  282.27832  636    0.5333   34.7325  278.4095
2018  282.27840  638    0.5308   34.7327  278.3956
2018  282.27850  640    0.5273   34.7330  278.4547
2018  282.27860  642    0.5231   34.7333  278.5861
2018  282.27868  644    0.5190   34.7340  278.6321
2018  282.27876  646    0.5161   34.7339  278.6738
2018  282.27885  648    0.5145   34.7338  278.7436
2018  282.27893  650    0.5131   34.7342  278.7988
2018  282.27901  652    0.5097   34.7345  278.8471
2018  282.27911  654    0.5064   34.7345  278.8997
2018  282.27921  656    0.5036   34.7348  278.8674
2018  282.27929  658    0.5001   34.7346  278.8468
2018  282.27937  660    0.4960   34.7352  278.8696
2018  282.27946  662    0.4922   34.7356  278.9044
2018  282.27954  664    0.4889   34.7358  278.8582
2018  282.27964  666    0.4852   34.7358  278.7828
2018  282.27973  668    0.4815   34.7360  278.5888
2018  282.27982  670    0.4780   34.7358  278.3867
2018  282.27990  672    0.4739   34.7362  278.1509
2018  282.27998  674    0.4712   34.7362  278.0633
2018  282.28007  676    0.4700   34.7361  278.1103
2018  282.28016  678    0.4661   34.7366  278.1320
2018  282.28026  680    0.4635   34.7369  278.1945
2018  282.28034  682    0.4614   34.7368  278.2401
2018  282.28043  684    0.4587   34.7369  278.3673
2018  282.28051  686    0.4568   34.7369  278.4059
2018  282.28059  688    0.4546   34.7373  278.4040
2018  282.28068  690    0.4521   34.7374  278.4135
2018  282.28078  692    0.4495   34.7372  278.4854
2018  282.28087  694    0.4473   34.7376  278.5165
2018  282.28096  696    0.4446   34.7374  278.5279
2018  282.28104  698    0.4412   34.7376  278.5383
2018  282.28112  700    0.4380   34.7378  278.5029
2018  282.28121  702    0.4350   34.7379  278.5000
2018  282.28130  704    0.4324   34.7382  278.5462
2018  282.28140  706    0.4301   34.7378  278.6514
2018  282.28149  708    0.4278   34.7381  278.7140
2018  282.28157  710    0.4249   34.7384  278.8100
2018  282.28165  712    0.4221   34.7385  278.8728
2018  282.28173  714    0.4205   34.7383  278.8746
2018  282.28182  716    0.4185   34.7386  278.9151
2018  282.28192  718    0.4164   34.7387  278.8754
2018  282.28201  720    0.4138   34.7388  278.7897
2018  282.28209  722    0.4102   34.7387  278.8398
2018  282.28218  724    0.4054   34.7393  278.8577
2018  282.28226  726    0.4021   34.7392  278.8975
2018  282.28235  728    0.4005   34.7394  279.0026
2018  282.28244  730    0.3970   34.7397  279.0269
2018  282.28254  732    0.3937   34.7401  279.0495
2018  282.28262  734    0.3919   34.7399  278.9491
2018  282.28270  736    0.3898   34.7400  278.8826
2018  282.28279  738    0.3882   34.7398  278.8324
2018  282.28287  740    0.3846   34.7400  278.8765
2018  282.28296  742    0.3811   34.7400  278.8217
2018  282.28305  744    0.3771   34.7400  278.7753
2018  282.28315  746    0.3731   34.7404  278.7255
2018  282.28323  748    0.3687   34.7404  278.6935
2018  282.28332  750    0.3620   34.7405  278.7850
2018  282.28340  752    0.3571   34.7401  278.8612
2018  282.28348  754    0.3545   34.7405  279.0136
2018  282.28358  756    0.3517   34.7403  279.0936
2018  282.28368  758    0.3483   34.7400  279.2180
2018  282.28375  760    0.3392   34.7397  279.8627
%endofdat
