%ITP 110, profile 616: year day longitude(E+) latitude(N+) ndepths
2019  206.25140  -140.4632  73.5083  295 0
%year day pressure(dbar) temperature(C) salinity oxygen(umol/kg)
2019  206.25177  130    0.1326   31.8768  263.1542
2019  206.25183  132    0.0382   31.9007  263.5472
2019  206.25193  134   -0.0323   31.9314  264.6827
2019  206.25202  136   -0.3920   31.9013  267.4142
2019  206.25211  138   -0.6718   32.0029  270.1087
2019  206.25220  140   -0.8572   32.0495  275.4038
2019  206.25230  142   -1.0064   32.0684  280.2299
2019  206.25240  144   -1.1215   32.0969  283.5491
2019  206.25250  146   -1.2054   32.1303  285.2688
2019  206.25259  148   -1.2817   32.1642  286.6839
2019  206.25270  150   -1.2872   32.1800  287.7576
2019  206.25282  152   -1.3479   32.1809  287.0745
2019  206.25291  154   -1.4067   32.1907  286.6792
2019  206.25301  156   -1.5269   32.2011  287.8228
2019  206.25312  158   -1.6110   32.2318  289.7196
2019  206.25322  160   -1.6422   32.2566  292.0356
2019  206.25332  162   -1.6489   32.2463  294.2169
2019  206.25340  164   -1.6243   32.2548  295.0335
2019  206.25347  166   -1.5912   32.2626  295.0924
2019  206.25356  168   -1.5171   32.2766  294.3490
2019  206.25366  170   -1.4544   32.2834  292.1718
2019  206.25376  172   -1.3957   32.2890  288.5028
2019  206.25388  174   -1.4030   32.3014  283.4532
2019  206.25404  176   -1.4746   32.3245  280.3713
2019  206.25420  178   -1.5726   32.3554  284.5523
2019  206.25436  180   -1.6180   32.3879  290.3721
2019  206.25448  182   -1.4539   32.4122  292.0377
2019  206.25459  184   -1.3981   32.3981  283.5000
2019  206.25470  186   -1.3963   32.4206  275.3019
2019  206.25481  188   -1.4039   32.4383  270.9889
2019  206.25491  190   -1.4125   32.4551  268.9304
2019  206.25501  192   -1.4264   32.4727  267.8408
2019  206.25511  194   -1.4372   32.4835  267.3617
2019  206.25520  196   -1.4481   32.4955  267.1412
2019  206.25530  198   -1.4596   32.5076  267.4054
2019  206.25540  200   -1.4657   32.5136  267.9104
2019  206.25551  202   -1.4726   32.5203  268.3128
2019  206.25562  204   -1.4789   32.5281  268.4632
2019  206.25573  206   -1.4816   32.5367  268.4819
2019  206.25584  208   -1.4830   32.5437  268.4058
2019  206.25595  210   -1.4854   32.5490  268.2879
2019  206.25606  212   -1.4848   32.5557  268.3141
2019  206.25617  214   -1.4869   32.5601  268.1831
2019  206.25629  216   -1.4921   32.5683  268.0076
2019  206.25640  218   -1.4952   32.5763  268.0975
2019  206.25651  220   -1.4974   32.5831  268.0052
2019  206.25662  222   -1.4998   32.5899  267.8260
2019  206.25673  224   -1.5037   32.5981  267.6542
2019  206.25684  226   -1.5083   32.6057  267.5251
2019  206.25695  228   -1.5120   32.6110  267.8147
2019  206.25708  230   -1.5150   32.6168  268.1603
2019  206.25720  232   -1.5172   32.6203  268.4314
2019  206.25731  234   -1.5203   32.6252  268.6863
2019  206.25742  236   -1.5214   32.6305  268.8965
2019  206.25754  238   -1.5162   32.6386  268.9343
2019  206.25766  240   -1.5084   32.6454  268.5213
2019  206.25779  242   -1.5067   32.6531  267.8260
2019  206.25790  244   -1.5007   32.6710  267.2235
2019  206.25801  246   -1.4962   32.6909  266.4666
2019  206.25813  248   -1.5004   32.7113  265.4498
2019  206.25826  250   -1.5178   32.7280  264.8913
2019  206.25837  252   -1.5279   32.7429  265.1634
2019  206.25850  254   -1.5157   32.7530  265.6317
2019  206.25862  256   -1.4881   32.7788  264.8056
2019  206.25875  258   -1.4592   32.8052  261.9895
2019  206.25887  260   -1.4540   32.8306  258.3441
2019  206.25900  262   -1.4529   32.8776  255.7792
2019  206.25912  264   -1.4552   32.9172  253.9319
2019  206.25925  266   -1.4597   32.9686  252.6760
2019  206.25938  268   -1.4616   33.0139  251.7052
2019  206.25952  270   -1.4589   33.0417  250.8325
2019  206.25966  272   -1.4557   33.0730  250.3494
2019  206.25980  274   -1.4537   33.1182  250.1638
2019  206.25994  276   -1.4481   33.1652  250.6079
2019  206.26008  278   -1.4383   33.1927  251.0953
2019  206.26022  280   -1.4285   33.2250  250.7608
2019  206.26036  282   -1.4173   33.2586  250.2586
2019  206.26050  284   -1.4076   33.2836  250.0303
2019  206.26063  286   -1.3970   33.3070  249.9334
2019  206.26077  288   -1.3737   33.3629  249.6318
2019  206.26090  290   -1.3464   33.4105  249.3233
2019  206.26104  292   -1.3171   33.4718  248.4331
2019  206.26119  294   -1.2776   33.5337  247.2092
2019  206.26133  296   -1.2339   33.5808  245.5103
2019  206.26145  298   -1.2037   33.6203  243.7480
2019  206.26158  300   -1.1724   33.6792  242.4744
2019  206.26172  302   -1.1333   33.7308  241.8233
2019  206.26186  304   -1.0781   33.7990  240.9518
2019  206.26198  306   -1.0322   33.8550  240.1170
2019  206.26209  308   -0.9945   33.9027  239.7825
2019  206.26223  310   -0.9395   33.9555  239.7552
2019  206.26237  312   -0.8875   33.9990  239.9743
2019  206.26250  314   -0.8256   34.0485  239.9551
2019  206.26262  316   -0.7880   34.0631  240.4031
2019  206.26275  318   -0.7591   34.0894  240.9003
2019  206.26287  320   -0.7385   34.1023  241.2563
2019  206.26300  322   -0.7171   34.1262  241.6476
2019  206.26313  324   -0.6827   34.1550  242.0765
2019  206.26326  326   -0.6356   34.1852  242.7202
2019  206.26338  328   -0.5966   34.2069  243.4567
2019  206.26352  330   -0.5590   34.2240  243.8903
2019  206.26366  332   -0.5372   34.2343  244.1679
2019  206.26380  334   -0.4990   34.2662  244.3957
2019  206.26393  336   -0.4485   34.2922  244.8146
2019  206.26405  338   -0.4075   34.3098  245.2046
2019  206.26418  340   -0.3717   34.3323  245.3956
2019  206.26430  342   -0.3252   34.3557  245.7160
2019  206.26440  344   -0.2938   34.3676  245.9540
2019  206.26448  346   -0.2566   34.3875  246.0586
2019  206.26459  348   -0.2303   34.3868  246.3615
2019  206.26470  350   -0.2106   34.4010  246.5032
2019  206.26481  352   -0.1686   34.4261  246.3138
2019  206.26494  354   -0.1290   34.4385  246.4071
2019  206.26506  356   -0.0934   34.4505  246.6946
2019  206.26519  358   -0.0771   34.4577  247.1242
2019  206.26532  360   -0.0558   34.4728  247.2756
2019  206.26543  362   -0.0273   34.4876  247.2654
2019  206.26555  364    0.0113   34.5040  247.3100
2019  206.26569  366    0.0498   34.5133  247.4437
2019  206.26582  368    0.0759   34.5235  247.9858
2019  206.26594  370    0.1044   34.5318  248.4082
2019  206.26608  372    0.1186   34.5398  248.7407
2019  206.26620  374    0.1369   34.5495  249.1015
2019  206.26633  376    0.1564   34.5622  249.4849
2019  206.26645  378    0.1757   34.5701  249.7957
2019  206.26658  380    0.2071   34.5887  250.2382
2019  206.26672  382    0.2317   34.5915  250.7223
2019  206.26686  384    0.2472   34.6012  251.2826
2019  206.26700  386    0.2668   34.6095  250.9210
2019  206.26713  388    0.2812   34.6161  250.0016
2019  206.26727  390    0.2968   34.6265  249.8065
2019  206.26740  392    0.3155   34.6332  249.7732
2019  206.26752  394    0.3330   34.6403  249.9016
2019  206.26766  396    0.3499   34.6470  249.8270
2019  206.26780  398    0.3698   34.6550  249.8009
2019  206.26793  400    0.3865   34.6608  249.3536
2019  206.26805  402    0.4001   34.6666  249.0854
2019  206.26819  404    0.4112   34.6714  249.0702
2019  206.26832  406    0.4205   34.6763  249.2894
2019  206.26844  408    0.4291   34.6803  249.2494
2019  206.26856  410    0.4369   34.6845  249.3284
2019  206.26869  412    0.4486   34.6904  249.9855
2019  206.26881  414    0.4612   34.6943  250.8518
2019  206.26893  416    0.4704   34.6966  251.7114
2019  206.26902  418    0.4790   34.7000  251.8979
2019  206.26909  420    0.4882   34.7062  251.6955
2019  206.26916  422    0.4992   34.7109  251.3850
2019  206.26927  424    0.5110   34.7135  251.5220
2019  206.26937  426    0.5210   34.7176  252.0527
2019  206.26944  428    0.5307   34.7226  252.1959
2019  206.26952  430    0.5415   34.7266  252.0321
2019  206.26961  432    0.5502   34.7299  251.8983
2019  206.26969  434    0.5581   34.7333  252.2529
2019  206.26979  436    0.5626   34.7332  253.6932
2019  206.26990  438    0.5650   34.7347  255.5584
2019  206.27001  440    0.5674   34.7362  256.7512
2019  206.27013  442    0.5743   34.7405  257.2985
2019  206.27027  444    0.5839   34.7441  256.5638
2019  206.27040  446    0.5908   34.7460  255.8927
2019  206.27052  448    0.5989   34.7487  255.9611
2019  206.27065  450    0.6021   34.7486  256.8941
2019  206.27077  452    0.6064   34.7527  257.7986
2019  206.27090  454    0.6158   34.7565  257.9164
2019  206.27102  456    0.6208   34.7558  258.0680
2019  206.27115  458    0.6219   34.7566  258.6117
2019  206.27127  460    0.6237   34.7583  259.1106
2019  206.27140  462    0.6253   34.7586  259.6918
2019  206.27154  464    0.6245   34.7590  259.9345
2019  206.27168  466    0.6238   34.7595  260.2104
2019  206.27180  468    0.6237   34.7598  260.4654
2019  206.27194  470    0.6238   34.7600  260.7141
2019  206.27208  472    0.6240   34.7603  260.7797
2019  206.27222  474    0.6276   34.7631  260.4318
2019  206.27234  476    0.6358   34.7654  259.3569
2019  206.27247  478    0.6418   34.7673  257.8391
2019  206.27261  480    0.6505   34.7711  256.9942
2019  206.27273  482    0.6601   34.7747  256.9638
2019  206.27286  484    0.6674   34.7761  257.0693
2019  206.27300  486    0.6736   34.7790  257.2493
2019  206.27312  488    0.6798   34.7815  257.1914
2019  206.27325  490    0.6834   34.7823  257.9718
2019  206.27338  492    0.6899   34.7851  258.5290
2019  206.27352  494    0.6988   34.7871  258.9330
2019  206.27366  496    0.7023   34.7860  259.9382
2019  206.27380  498    0.7038   34.7881  260.4505
2019  206.27394  500    0.7042   34.7884  260.9465
2019  206.27408  502    0.7041   34.7888  261.4362
2019  206.27422  504    0.7048   34.7904  261.4520
2019  206.27436  506    0.7065   34.7909  261.2586
2019  206.27450  508    0.7051   34.7910  261.3327
2019  206.27462  510    0.7062   34.7921  261.4031
2019  206.27475  512    0.7083   34.7932  261.4340
2019  206.27488  514    0.7142   34.7935  261.2567
2019  206.27502  516    0.7177   34.7948  260.8327
2019  206.27516  518    0.7218   34.7962  260.5225
2019  206.27530  520    0.7227   34.7958  260.9004
2019  206.27544  522    0.7239   34.7979  261.4722
2019  206.27558  524    0.7261   34.7991  261.8975
2019  206.27572  526    0.7271   34.7990  262.1603
2019  206.27586  528    0.7266   34.7993  262.4442
2019  206.27600  530    0.7265   34.7996  262.7014
2019  206.27613  532    0.7261   34.7996  262.8379
2019  206.27627  534    0.7250   34.7997  262.6562
2019  206.27641  536    0.7238   34.7998  262.6397
2019  206.27656  538    0.7227   34.7999  262.7647
2019  206.27672  540    0.7218   34.8001  262.8538
2019  206.27684  542    0.7215   34.8000  262.6579
2019  206.27698  544    0.7212   34.8000  262.5457
2019  206.27713  546    0.7206   34.8000  262.6454
2019  206.27727  548    0.7188   34.7998  262.7966
2019  206.27743  550    0.7157   34.7998  262.6791
2019  206.27758  552    0.7115   34.8000  262.3933
2019  206.27772  554    0.7072   34.8001  262.2824
2019  206.27787  556    0.7035   34.8004  262.2024
2019  206.27802  558    0.7026   34.8019  261.9753
2019  206.27816  560    0.7046   34.8033  261.3575
2019  206.27831  562    0.7069   34.8041  261.3045
2019  206.27848  564    0.7080   34.8049  261.6609
2019  206.27863  566    0.7078   34.8061  262.1187
2019  206.27879  568    0.7089   34.8075  262.2207
2019  206.27895  570    0.7096   34.8091  262.4312
2019  206.27909  572    0.7090   34.8091  262.7273
2019  206.27923  574    0.7059   34.8091  263.0058
2019  206.27940  576    0.7038   34.8105  263.1469
2019  206.27956  578    0.7052   34.8117  262.8744
2019  206.27973  580    0.7069   34.8126  263.0069
2019  206.27990  582    0.7070   34.8131  263.4910
2019  206.28005  584    0.7060   34.8132  263.9941
2019  206.28020  586    0.7057   34.8142  264.0482
2019  206.28037  588    0.7066   34.8157  264.0451
2019  206.28054  590    0.7071   34.8162  264.4897
2019  206.28070  592    0.7057   34.8163  265.0640
2019  206.28087  594    0.7022   34.8163  265.3772
2019  206.28104  596    0.6971   34.8167  265.1819
2019  206.28120  598    0.6927   34.8168  265.0143
2019  206.28138  600    0.6887   34.8170  264.9954
2019  206.28156  602    0.6846   34.8169  265.2460
2019  206.28173  604    0.6809   34.8169  265.1037
2019  206.28191  606    0.6761   34.8167  264.8029
2019  206.28209  608    0.6726   34.8172  264.7406
2019  206.28226  610    0.6698   34.8170  265.0038
2019  206.28244  612    0.6662   34.8170  265.1267
2019  206.28262  614    0.6625   34.8171  265.0182
2019  206.28279  616    0.6588   34.8168  265.0130
2019  206.28297  618    0.6544   34.8169  265.1736
2019  206.28315  620    0.6495   34.8167  265.3098
2019  206.28333  622    0.6450   34.8170  265.0241
2019  206.28351  624    0.6415   34.8167  264.9234
2019  206.28369  626    0.6384   34.8174  265.0429
2019  206.28387  628    0.6369   34.8176  265.4343
2019  206.28404  630    0.6334   34.8176  265.4978
2019  206.28422  632    0.6299   34.8179  265.4620
2019  206.28440  634    0.6268   34.8179  265.5461
2019  206.28456  636    0.6225   34.8177  265.7075
2019  206.28475  638    0.6179   34.8181  265.6698
2019  206.28494  640    0.6142   34.8188  265.4639
2019  206.28513  642    0.6100   34.8190  265.6322
2019  206.28533  644    0.6080   34.8199  265.9421
2019  206.28552  646    0.6051   34.8197  266.3989
2019  206.28572  648    0.6028   34.8196  266.3684
2019  206.28591  650    0.5986   34.8195  266.3913
2019  206.28611  652    0.5933   34.8196  266.4691
2019  206.28630  654    0.5875   34.8197  266.4689
2019  206.28651  656    0.5841   34.8197  266.2111
2019  206.28672  658    0.5814   34.8196  266.1538
2019  206.28691  660    0.5777   34.8193  266.2860
2019  206.28711  662    0.5748   34.8197  266.3586
2019  206.28730  664    0.5708   34.8191  266.1422
2019  206.28751  666    0.5662   34.8194  266.0803
2019  206.28770  668    0.5625   34.8192  266.1723
2019  206.28788  670    0.5580   34.8192  266.2415
2019  206.28808  672    0.5539   34.8195  266.0383
2019  206.28829  674    0.5500   34.8192  265.9284
2019  206.28850  676    0.5461   34.8192  265.9972
2019  206.28870  678    0.5420   34.8193  266.1402
2019  206.28893  680    0.5391   34.8192  265.9029
2019  206.28913  682    0.5351   34.8194  265.8828
2019  206.28933  684    0.5321   34.8198  266.0329
2019  206.28952  686    0.5279   34.8202  266.1874
2019  206.28972  688    0.5262   34.8207  266.0232
2019  206.28993  690    0.5241   34.8212  266.1897
2019  206.29016  692    0.5221   34.8216  266.7520
2019  206.29041  694    0.5206   34.8218  267.0990
2019  206.29065  696    0.5174   34.8223  267.0650
2019  206.29087  698    0.5127   34.8223  267.1700
2019  206.29111  700    0.5079   34.8230  267.2514
2019  206.29134  702    0.5044   34.8229  267.1782
2019  206.29159  704    0.5009   34.8229  267.0175
2019  206.29184  706    0.4975   34.8230  267.1021
2019  206.29209  708    0.4937   34.8232  267.0385
2019  206.29238  710    0.4906   34.8236  266.8437
2019  206.29270  712    0.4905   34.8236  267.1808
2019  206.29306  714    0.4876   34.8239  267.2084
2019  206.29354  716    0.4845   34.8238  267.3809
2019  206.29384  718    0.4839   34.8239  267.3150
%endofdat
