%ITP 110, profile 497: year day longitude(E+) latitude(N+) ndepths
2019  147.00141  -141.2971  74.1103  269 0
%year day pressure(dbar) temperature(C) salinity oxygen(umol/kg)
2019  147.03235  224   -1.4666   32.9248  253.2969
2019  147.03263  226   -1.4638   32.9493  253.3606
2019  147.03341  228   -1.4599   32.9357  253.5311
2019  147.03087  230   -1.4581   32.9762  253.2765
2019  147.03059  232   -1.4583   33.0041  253.0391
2019  147.03035  234   -1.4576   33.0198  252.8084
2019  147.03015  236   -1.4564   33.0399  252.4260
2019  147.02998  238   -1.4548   33.0667  252.0440
2019  147.02981  240   -1.4510   33.0848  251.9193
2019  147.02966  242   -1.4476   33.1023  251.7643
2019  147.02952  244   -1.4427   33.1335  251.4726
2019  147.02940  246   -1.4328   33.1637  251.1750
2019  147.02857  248   -1.4236   33.1992  251.3357
2019  147.02813  250   -1.4209   33.2133  251.1672
2019  147.02770  252   -1.4097   33.2470  250.9322
2019  147.02745  254   -1.4018   33.2709  251.2130
2019  147.02716  256   -1.3927   33.2912  250.7687
2019  147.02694  258   -1.3765   33.3309  249.9413
2019  147.02672  260   -1.3543   33.3741  249.0090
2019  147.02644  262   -1.3337   33.4187  248.3305
2019  147.02619  264   -1.3128   33.4562  247.9106
2019  147.02597  266   -1.2949   33.4954  247.1453
2019  147.02577  268   -1.2666   33.5316  246.2589
2019  147.02560  270   -1.2342   33.5780  245.6470
2019  147.02544  272   -1.2006   33.6170  245.1142
2019  147.02530  274   -1.1691   33.6773  244.8695
2019  147.02516  276   -1.1260   33.7284  244.5061
2019  147.02503  278   -1.0826   33.7962  244.4765
2019  147.02492  280   -1.0552   33.8324  244.6647
2019  147.02481  282   -1.0124   33.8771  244.8350
2019  147.02470  284   -0.9534   33.9255  245.1633
2019  147.02459  286   -0.8978   33.9834  245.8416
2019  147.02449  288   -0.8847   34.0104  246.4489
2019  147.02440  290   -0.8580   34.0339  246.9182
2019  147.02429  292   -0.8270   34.0592  247.2770
2019  147.02417  294   -0.7751   34.0853  247.6680
2019  147.02406  296   -0.7130   34.1273  248.2508
2019  147.02397  298   -0.6734   34.1554  248.7263
2019  147.02387  300   -0.6324   34.1841  249.2189
2019  147.02376  302   -0.5975   34.2109  249.8652
2019  147.02365  304   -0.5383   34.2294  250.2961
2019  147.02355  306   -0.4962   34.2641  250.5814
2019  147.02345  308   -0.4639   34.2812  250.7948
2019  147.02335  310   -0.4243   34.3014  250.9943
2019  147.02326  312   -0.3979   34.3198  251.2299
2019  147.02315  314   -0.3691   34.3383  251.4912
2019  147.02305  316   -0.3409   34.3492  251.6619
2019  147.02295  318   -0.2951   34.3679  251.6276
2019  147.02284  320   -0.2418   34.3895  251.6430
2019  147.02274  322   -0.2076   34.4078  251.7436
2019  147.02264  324   -0.1761   34.4175  251.7433
2019  147.02255  326   -0.1504   34.4334  251.8196
2019  147.02245  328   -0.1256   34.4409  252.0893
2019  147.02235  330   -0.0974   34.4531  252.3647
2019  147.02226  332   -0.0708   34.4657  252.6163
2019  147.02216  334   -0.0492   34.4765  252.6471
2019  147.02206  336   -0.0245   34.4892  252.7773
2019  147.02195  338    0.0038   34.4980  252.9535
2019  147.02186  340    0.0264   34.5090  253.0142
2019  147.02176  342    0.0510   34.5182  252.9290
2019  147.02166  344    0.0736   34.5298  253.0891
2019  147.02156  346    0.0925   34.5375  253.4202
2019  147.02147  348    0.1105   34.5456  253.7704
2019  147.02137  350    0.1294   34.5556  253.8585
2019  147.02127  352    0.1495   34.5603  253.8255
2019  147.02117  354    0.1758   34.5716  253.8581
2019  147.02108  356    0.1966   34.5827  253.9903
2019  147.02098  358    0.2124   34.5894  254.4773
2019  147.02088  360    0.2311   34.5962  255.0078
2019  147.02078  362    0.2433   34.6026  255.4101
2019  147.02069  364    0.2635   34.6086  255.4425
2019  147.02059  366    0.2791   34.6175  255.4850
2019  147.02048  368    0.2980   34.6232  255.9265
2019  147.02038  370    0.3154   34.6346  256.1479
2019  147.02028  372    0.3283   34.6375  256.6084
2019  147.02019  374    0.3544   34.6435  256.7970
2019  147.02009  376    0.3742   34.6526  256.7388
2019  147.01998  378    0.3937   34.6624  256.8099
2019  147.01987  380    0.4093   34.6691  257.1048
2019  147.01977  382    0.4237   34.6763  257.4870
2019  147.01967  384    0.4357   34.6815  257.9123
2019  147.01958  386    0.4476   34.6868  258.1122
2019  147.01948  388    0.4593   34.6910  258.1793
2019  147.01937  390    0.4684   34.6969  257.7051
2019  147.01927  392    0.4739   34.6977  257.2984
2019  147.01917  394    0.4884   34.7011  257.5829
2019  147.01908  396    0.5022   34.7081  257.8522
2019  147.01898  398    0.5107   34.7141  258.0235
2019  147.01888  400    0.5193   34.7154  258.5244
2019  147.01878  402    0.5298   34.7200  259.2340
2019  147.01869  404    0.5402   34.7234  259.9737
2019  147.01859  406    0.5523   34.7288  260.6658
2019  147.01848  408    0.5597   34.7326  261.2975
2019  147.01838  410    0.5660   34.7347  261.6344
2019  147.01830  412    0.5697   34.7380  261.5034
2019  147.01820  414    0.5700   34.7383  261.2880
2019  147.01809  416    0.5740   34.7367  261.2772
2019  147.01799  418    0.5819   34.7396  261.5897
2019  147.01790  420    0.5882   34.7415  261.8925
2019  147.01780  422    0.5929   34.7447  262.1977
2019  147.01770  424    0.5980   34.7454  262.5188
2019  147.01760  426    0.6035   34.7468  262.8198
2019  147.01751  428    0.6084   34.7497  262.8589
2019  147.01740  430    0.6091   34.7505  262.8607
2019  147.01730  432    0.6133   34.7502  263.1009
2019  147.01720  434    0.6192   34.7530  263.4685
2019  147.01709  436    0.6226   34.7533  263.9044
2019  147.01699  438    0.6278   34.7562  263.9474
2019  147.01690  440    0.6281   34.7573  263.7784
2019  147.01679  442    0.6276   34.7576  263.4094
2019  147.01669  444    0.6274   34.7578  262.8886
2019  147.01659  446    0.6291   34.7567  262.3004
2019  147.01649  448    0.6374   34.7577  262.3671
2019  147.01639  450    0.6466   34.7627  262.2243
2019  147.01628  452    0.6501   34.7638  262.1080
2019  147.01619  454    0.6577   34.7661  262.2954
2019  147.01609  456    0.6631   34.7700  262.5883
2019  147.01599  458    0.6724   34.7725  263.1064
2019  147.01590  460    0.6803   34.7754  263.8452
2019  147.01578  462    0.6892   34.7784  264.3464
2019  147.01569  464    0.6936   34.7828  264.5231
2019  147.01559  466    0.6948   34.7822  264.8910
2019  147.01549  468    0.6982   34.7831  265.3609
2019  147.01540  470    0.7020   34.7843  265.5884
2019  147.01530  472    0.7046   34.7869  265.5934
2019  147.01520  474    0.7032   34.7870  265.6551
2019  147.01510  476    0.7033   34.7868  265.8000
2019  147.01501  478    0.7044   34.7862  265.8907
2019  147.01491  480    0.7061   34.7880  265.8369
2019  147.01481  482    0.7061   34.7880  265.7228
2019  147.01471  484    0.7061   34.7882  265.5351
2019  147.01462  486    0.7065   34.7880  265.2604
2019  147.01452  488    0.7099   34.7875  265.0868
2019  147.01444  490    0.7138   34.7896  265.1926
2019  147.01434  492    0.7171   34.7908  265.5183
2019  147.01424  494    0.7201   34.7916  265.9891
2019  147.01415  496    0.7228   34.7940  266.3709
2019  147.01405  498    0.7245   34.7949  266.7305
2019  147.01395  500    0.7277   34.7949  266.8760
2019  147.01385  502    0.7289   34.7968  266.9280
2019  147.01376  504    0.7282   34.7967  266.9997
2019  147.01366  506    0.7293   34.7970  266.9575
2019  147.01356  508    0.7284   34.7976  266.9199
2019  147.01346  510    0.7270   34.7975  266.9201
2019  147.01337  512    0.7257   34.7974  266.8535
2019  147.01327  514    0.7243   34.7975  266.8289
2019  147.01319  516    0.7232   34.7972  266.8162
2019  147.01309  518    0.7219   34.7971  266.7647
2019  147.01299  520    0.7208   34.7972  266.7040
2019  147.01290  522    0.7199   34.7969  266.7064
2019  147.01280  524    0.7189   34.7971  266.5985
2019  147.01270  526    0.7180   34.7969  266.5297
2019  147.01260  528    0.7164   34.7970  266.3768
2019  147.01252  530    0.7144   34.7970  266.1658
2019  147.01242  532    0.7121   34.7971  265.8205
2019  147.01233  534    0.7078   34.7976  265.5081
2019  147.01224  536    0.7025   34.7974  265.1437
2019  147.01215  538    0.6975   34.7978  264.9793
2019  147.01205  540    0.6918   34.7978  265.1728
2019  147.01195  542    0.6910   34.7962  265.5495
2019  147.01186  544    0.6942   34.7978  265.9258
2019  147.01177  546    0.6965   34.7985  266.3692
2019  147.01167  548    0.6988   34.8003  266.7749
2019  147.01158  550    0.7004   34.8021  267.1427
2019  147.01148  552    0.7026   34.8038  267.3707
2019  147.01138  554    0.7031   34.8059  267.4726
2019  147.01130  556    0.7011   34.8073  267.7188
2019  147.01120  558    0.6990   34.8068  268.0375
2019  147.01110  560    0.6997   34.8074  268.3190
2019  147.01102  562    0.7017   34.8085  268.4371
2019  147.01092  564    0.7007   34.8117  268.6096
2019  147.01083  566    0.6970   34.8107  268.9665
2019  147.01074  568    0.6983   34.8094  269.2851
2019  147.01065  570    0.7010   34.8112  269.3057
2019  147.01055  572    0.7004   34.8142  269.1746
2019  147.01047  574    0.6941   34.8147  269.0516
2019  147.01037  576    0.6870   34.8148  268.9809
2019  147.01027  578    0.6817   34.8129  268.9022
2019  147.01019  580    0.6791   34.8135  268.8242
2019  147.01009  582    0.6743   34.8139  268.7281
2019  147.00999  584    0.6690   34.8138  268.7183
2019  147.00991  586    0.6632   34.8140  268.8046
2019  147.00981  588    0.6589   34.8119  268.8611
2019  147.00971  590    0.6566   34.8144  268.7698
2019  147.00963  592    0.6504   34.8142  268.6889
2019  147.00953  594    0.6437   34.8143  268.5924
2019  147.00944  596    0.6388   34.8133  268.5403
2019  147.00936  598    0.6350   34.8136  268.5865
2019  147.00927  600    0.6310   34.8134  268.7012
2019  147.00917  602    0.6269   34.8134  268.9803
2019  147.00908  604    0.6281   34.8109  269.1288
2019  147.00899  606    0.6282   34.8148  269.2516
2019  147.00889  608    0.6242   34.8135  269.4240
2019  147.00880  610    0.6244   34.8139  269.5449
2019  147.00872  612    0.6206   34.8159  269.7516
2019  147.00862  614    0.6164   34.8144  270.0458
2019  147.00852  616    0.6128   34.8150  270.2496
2019  147.00844  618    0.6118   34.8152  270.2389
2019  147.00835  620    0.6088   34.8163  270.1771
2019  147.00826  622    0.6056   34.8159  270.1102
2019  147.00816  624    0.6017   34.8160  270.0106
2019  147.00807  626    0.5971   34.8159  270.0052
2019  147.00798  628    0.5937   34.8157  270.0336
2019  147.00788  630    0.5909   34.8157  270.0548
2019  147.00780  632    0.5867   34.8156  270.0605
2019  147.00770  634    0.5837   34.8156  269.9900
2019  147.00760  636    0.5797   34.8156  269.8504
2019  147.00752  638    0.5747   34.8156  269.7358
2019  147.00744  640    0.5676   34.8154  269.5899
2019  147.00734  642    0.5630   34.8154  269.4581
2019  147.00724  644    0.5561   34.8155  269.5000
2019  147.00716  646    0.5507   34.8152  269.5333
2019  147.00706  648    0.5477   34.8149  269.5369
2019  147.00696  650    0.5449   34.8153  269.4273
2019  147.00688  652    0.5407   34.8151  269.2997
2019  147.00680  654    0.5361   34.8154  269.2338
2019  147.00670  656    0.5314   34.8153  269.2817
2019  147.00660  658    0.5274   34.8156  269.4001
2019  147.00652  660    0.5232   34.8157  269.4829
2019  147.00642  662    0.5211   34.8159  269.6229
2019  147.00633  664    0.5181   34.8164  269.7854
2019  147.00624  666    0.5157   34.8169  269.9656
2019  147.00616  668    0.5136   34.8171  270.0310
2019  147.00606  670    0.5117   34.8176  270.1422
2019  147.00596  672    0.5092   34.8178  270.2123
2019  147.00588  674    0.5065   34.8182  270.2478
2019  147.00580  676    0.5031   34.8185  270.3212
2019  147.00570  678    0.5010   34.8189  270.2881
2019  147.00561  680    0.4981   34.8190  270.3024
2019  147.00552  682    0.4954   34.8190  270.3380
2019  147.00544  684    0.4929   34.8192  270.5399
2019  147.00534  686    0.4889   34.8197  270.7722
2019  147.00524  688    0.4873   34.8201  270.9285
2019  147.00516  690    0.4857   34.8204  271.0385
2019  147.00508  692    0.4848   34.8210  271.1181
2019  147.00498  694    0.4834   34.8209  271.1087
2019  147.00488  696    0.4837   34.8217  270.9584
2019  147.00480  698    0.4789   34.8216  270.9319
2019  147.00471  700    0.4738   34.8216  270.9805
2019  147.00462  702    0.4713   34.8219  270.9763
2019  147.00452  704    0.4680   34.8223  270.9928
2019  147.00444  706    0.4649   34.8226  271.0240
2019  147.00436  708    0.4637   34.8230  270.9667
2019  147.00426  710    0.4609   34.8232  270.9919
2019  147.00416  712    0.4570   34.8231  271.0517
2019  147.00408  714    0.4549   34.8233  271.1001
2019  147.00399  716    0.4508   34.8236  271.1302
2019  147.00389  718    0.4468   34.8238  271.1617
2019  147.00380  720    0.4444   34.8239  271.1941
2019  147.00372  722    0.4414   34.8241  271.2504
2019  147.00363  724    0.4409   34.8241  271.2847
2019  147.00355  726    0.4371   34.8248  271.3865
2019  147.00345  728    0.4353   34.8238  271.4559
2019  147.00335  730    0.4341   34.8252  271.4172
2019  147.00327  732    0.4304   34.8249  271.4724
2019  147.00319  734    0.4260   34.8251  271.5780
2019  147.00311  736    0.4242   34.8248  271.6335
2019  147.00301  738    0.4198   34.8254  271.7481
2019  147.00291  740    0.4190   34.8250  271.7554
2019  147.00283  742    0.4154   34.8258  271.7676
2019  147.00274  744    0.4114   34.8254  271.8377
2019  147.00266  746    0.4089   34.8257  271.8953
2019  147.00256  748    0.4070   34.8258  271.9212
2019  147.00247  750    0.4037   34.8262  271.9470
2019  147.00238  752    0.4004   34.8260  271.9817
2019  147.00230  754    0.3980   34.8266  272.0457
2019  147.00220  756    0.3936   34.8265  272.0896
2019  147.00210  758    0.3911   34.8264  272.1653
2019  147.00202  760    0.3895   34.8271  272.1877
%endofdat
