%ITP 110, profile 39: year day longitude(E+) latitude(N+) ndepths
2018  283.00142  -134.7381  76.5156  374 0
%year day pressure(dbar) temperature(C) salinity oxygen(umol/kg)
2018  283.03465    8   -1.5422   28.2671  357.3722
2018  283.03455   10   -1.5422   28.2675  357.3866
2018  283.03445   12   -1.5422   28.2676  357.4727
2018  283.03437   14   -1.5422   28.2679  357.5323
2018  283.03427   16   -1.5422   28.2686  357.6683
2018  283.03417   18   -1.5421   28.2692  357.7855
2018  283.03409   20   -1.5421   28.2703  358.0803
2018  283.03399   22   -1.5422   28.2718  358.7022
2018  283.03389   24   -1.5421   28.2735  359.7725
2018  283.03381   26   -1.5423   28.2771  361.6866
2018  283.03371   28   -1.5297   28.2971  364.7592
2018  283.03361   30   -1.3821   28.5717  366.1543
2018  283.03353   32   -1.2437   28.8927  365.6948
2018  283.03343   34   -1.3159   29.1128  364.3298
2018  283.03334   36   -1.3166   29.2043  362.4727
2018  283.03326   38   -1.2677   29.3229  360.5886
2018  283.03317   40   -1.2325   29.5198  358.1821
2018  283.03307   42   -1.2401   29.6025  355.8786
2018  283.03298   44   -1.1363   29.6934  352.3843
2018  283.03289   46   -0.9920   29.7897  348.2167
2018  283.03280   48   -0.7485   30.0122  343.7511
2018  283.03270   50   -0.5481   30.1938  339.3237
2018  283.03262   52   -0.4059   30.3838  335.0412
2018  283.03253   54   -0.4096   30.5861  331.2865
2018  283.03244   56   -0.4125   30.7436  327.2322
2018  283.03234   58   -0.4384   30.8496  323.4519
2018  283.03225   60   -0.5017   30.9670  319.8575
2018  283.03216   62   -0.5553   31.0840  316.4585
2018  283.03206   64   -0.5896   31.1715  314.1292
2018  283.03198   66   -0.5766   31.2450  312.2978
2018  283.03189   68   -0.5916   31.3063  310.5234
2018  283.03180   70   -0.6093   31.3610  309.2197
2018  283.03170   72   -0.5933   31.4118  307.5759
2018  283.03162   74   -0.6381   31.4651  305.5721
2018  283.03153   76   -0.6233   31.5184  303.7196
2018  283.03144   78   -0.5093   31.5712  302.1014
2018  283.03134   80   -0.5858   31.6181  300.5493
2018  283.03125   82   -0.6721   31.6621  299.1434
2018  283.03117   84   -0.6149   31.7012  297.7535
2018  283.03107   86   -0.6270   31.7441  296.1012
2018  283.03098   88   -0.7439   31.7873  294.9178
2018  283.03090   90   -0.8257   31.8311  293.7265
2018  283.03080   92   -0.8690   31.8648  292.4240
2018  283.03070   94   -0.8875   31.8879  290.8217
2018  283.03062   96   -0.9270   31.9135  288.9496
2018  283.03053   98   -0.9629   31.9472  286.8807
2018  283.03043  100   -0.9749   31.9820  284.5035
2018  283.03034  102   -0.9782   32.0110  282.2897
2018  283.03025  104   -0.9670   32.0437  280.3450
2018  283.03017  106   -0.9730   32.0771  278.8567
2018  283.03008  108   -0.9937   32.1130  277.5829
2018  283.02998  110   -1.0290   32.1422  276.2030
2018  283.02989  112   -1.0542   32.1656  274.8286
2018  283.02981  114   -1.0735   32.1962  273.4985
2018  283.02971  116   -1.0739   32.2224  272.6914
2018  283.02961  118   -1.0824   32.2468  272.0666
2018  283.02953  120   -1.1131   32.2614  271.3756
2018  283.02945  122   -1.1440   32.2799  270.6332
2018  283.02935  124   -1.1666   32.3020  269.9193
2018  283.02926  126   -1.1886   32.3236  269.0595
2018  283.02917  128   -1.2255   32.3494  267.9395
2018  283.02909  130   -1.2528   32.3762  266.6744
2018  283.02899  132   -1.2722   32.4021  265.4167
2018  283.02889  134   -1.2824   32.4326  264.5833
2018  283.02881  136   -1.2902   32.4529  263.6619
2018  283.02873  138   -1.3193   32.4742  262.8389
2018  283.02863  140   -1.3160   32.4876  263.2206
2018  283.02853  142   -1.3239   32.5025  263.7058
2018  283.02845  144   -1.3642   32.5138  263.6235
2018  283.02836  146   -1.3861   32.5281  263.3585
2018  283.02828  148   -1.4034   32.5480  263.4041
2018  283.02819  150   -1.4177   32.5713  263.5003
2018  283.02809  152   -1.4399   32.5977  263.3689
2018  283.02801  154   -1.4536   32.6203  263.1905
2018  283.02791  156   -1.4605   32.6414  262.9878
2018  283.02781  158   -1.4697   32.6611  262.7501
2018  283.02773  160   -1.4806   32.6829  262.5479
2018  283.02764  162   -1.4817   32.7000  262.4509
2018  283.02755  164   -1.4835   32.7149  262.3868
2018  283.02745  166   -1.4908   32.7315  262.1889
2018  283.02736  168   -1.4960   32.7563  261.8892
2018  283.02728  170   -1.4972   32.7820  261.6407
2018  283.02719  172   -1.4976   32.8002  261.3843
2018  283.02709  174   -1.4999   32.8170  261.0146
2018  283.02701  176   -1.5016   32.8414  260.6372
2018  283.02692  178   -1.5017   32.8696  260.1647
2018  283.02682  180   -1.5005   32.8939  259.7840
2018  283.02673  182   -1.4990   32.9240  259.3686
2018  283.02664  184   -1.4965   32.9548  259.0575
2018  283.02656  186   -1.4928   32.9823  258.7235
2018  283.02648  188   -1.4865   33.0084  258.4520
2018  283.02638  190   -1.4779   33.0375  258.0307
2018  283.02628  192   -1.4707   33.0715  257.7469
2018  283.02620  194   -1.4626   33.1006  257.2482
2018  283.02610  196   -1.4488   33.1346  256.7994
2018  283.02600  198   -1.4287   33.1813  256.3216
2018  283.02592  200   -1.4092   33.2201  255.7477
2018  283.02584  202   -1.3948   33.2526  254.9492
2018  283.02576  204   -1.3755   33.2904  254.0155
2018  283.02566  206   -1.3506   33.3328  253.0288
2018  283.02556  208   -1.3253   33.3784  252.1291
2018  283.02548  210   -1.2994   33.4196  251.2731
2018  283.02539  212   -1.2719   33.4628  250.4953
2018  283.02530  214   -1.2351   33.5178  249.7657
2018  283.02520  216   -1.1997   33.5684  249.2863
2018  283.02512  218   -1.1683   33.6146  249.0521
2018  283.02503  220   -1.1277   33.6692  248.9588
2018  283.02495  222   -1.0991   33.7097  249.2127
2018  283.02485  224   -1.0680   33.7541  249.8074
2018  283.02475  226   -1.0447   33.7917  250.7769
2018  283.02467  228   -1.0292   33.8260  251.9161
2018  283.02459  230   -1.0032   33.8640  253.2709
2018  283.02449  232   -0.9704   33.9038  254.5519
2018  283.02439  234   -0.9329   33.9411  255.7174
2018  283.02431  236   -0.8762   33.9837  256.4690
2018  283.02423  238   -0.8343   34.0151  257.1242
2018  283.02413  240   -0.7979   34.0404  257.7144
2018  283.02403  242   -0.7777   34.0631  258.1965
2018  283.02395  244   -0.7331   34.0878  258.3081
2018  283.02387  246   -0.6823   34.1094  258.3353
2018  283.02378  248   -0.6369   34.1320  258.2111
2018  283.02369  250   -0.6053   34.1501  258.1851
2018  283.02359  252   -0.5810   34.1703  258.1143
2018  283.02350  254   -0.5493   34.1885  258.0210
2018  283.02342  256   -0.5121   34.2077  257.8959
2018  283.02334  258   -0.4841   34.2214  257.7496
2018  283.02324  260   -0.4549   34.2364  257.5917
2018  283.02314  262   -0.4172   34.2545  257.3912
2018  283.02306  264   -0.3726   34.2728  257.2962
2018  283.02298  266   -0.3375   34.2886  257.1747
2018  283.02289  268   -0.3086   34.3000  257.2387
2018  283.02280  270   -0.2775   34.3120  257.2790
2018  283.02270  272   -0.2570   34.3213  257.4251
2018  283.02262  274   -0.2194   34.3382  257.5096
2018  283.02253  276   -0.1871   34.3504  257.6123
2018  283.02244  278   -0.1576   34.3641  257.7185
2018  283.02234  280   -0.1253   34.3748  257.8792
2018  283.02225  282   -0.0869   34.3865  258.0273
2018  283.02217  284   -0.0603   34.3968  258.3751
2018  283.02209  286   -0.0217   34.4123  258.5280
2018  283.02199  288   -0.0046   34.4183  258.8967
2018  283.02189  290    0.0148   34.4270  259.3604
2018  283.02181  292    0.0312   34.4331  259.7336
2018  283.02173  294    0.0732   34.4492  259.9740
2018  283.02164  296    0.0860   34.4535  260.3454
2018  283.02155  298    0.1184   34.4669  260.6145
2018  283.02145  300    0.1193   34.4694  261.2063
2018  283.02137  302    0.1753   34.4865  261.4612
2018  283.02128  304    0.1907   34.4945  261.8273
2018  283.02120  306    0.1994   34.4977  262.2576
2018  283.02110  308    0.2353   34.5117  262.3433
2018  283.02100  310    0.2598   34.5213  262.4572
2018  283.02092  312    0.2603   34.5219  262.7098
2018  283.02084  314    0.2604   34.5234  263.2939
2018  283.02076  316    0.2814   34.5315  263.7524
2018  283.02066  318    0.3084   34.5441  263.9686
2018  283.02056  320    0.3333   34.5559  264.1494
2018  283.02048  322    0.3492   34.5612  264.4751
2018  283.02039  324    0.3723   34.5720  264.6918
2018  283.02031  326    0.3718   34.5727  265.2769
2018  283.02023  328    0.3715   34.5747  266.1420
2018  283.02013  330    0.4029   34.5845  266.5485
2018  283.02003  332    0.4502   34.6041  266.5679
2018  283.01995  334    0.4506   34.6047  266.9637
2018  283.01986  336    0.4637   34.6067  267.2572
2018  283.01978  338    0.4934   34.6171  267.2844
2018  283.01968  340    0.4936   34.6175  267.4845
2018  283.01959  342    0.4934   34.6177  267.7858
2018  283.01951  344    0.4934   34.6185  268.3874
2018  283.01942  346    0.5038   34.6222  268.9768
2018  283.01934  348    0.5325   34.6361  269.4864
2018  283.01926  350    0.5332   34.6366  270.0159
2018  283.01916  352    0.5727   34.6519  269.9351
2018  283.01906  354    0.5750   34.6548  269.9425
2018  283.01898  356    0.5751   34.6550  269.9777
2018  283.01889  358    0.5753   34.6549  269.9775
2018  283.01881  360    0.5753   34.6552  270.0255
2018  283.01873  362    0.5756   34.6553  270.0888
2018  283.01863  364    0.5759   34.6555  270.1745
2018  283.01853  366    0.5760   34.6558  270.3507
2018  283.01845  368    0.5762   34.6563  270.6312
2018  283.01836  370    0.5763   34.6572  271.0373
2018  283.01828  372    0.5979   34.6629  271.3398
2018  283.01820  374    0.6083   34.6670  271.6445
2018  283.01810  376    0.6201   34.6698  271.7651
2018  283.01801  378    0.6404   34.6772  271.6881
2018  283.01792  380    0.6403   34.6774  271.6797
2018  283.01784  382    0.6406   34.6772  271.6699
2018  283.01775  384    0.6408   34.6771  271.7420
2018  283.01767  386    0.6408   34.6772  271.7561
2018  283.01758  388    0.6411   34.6772  271.7621
2018  283.01748  390    0.6414   34.6773  271.8101
2018  283.01739  392    0.6415   34.6772  271.7710
2018  283.01731  394    0.6417   34.6773  271.8467
2018  283.01723  396    0.6418   34.6772  271.8415
2018  283.01715  398    0.6420   34.6774  271.8544
2018  283.01705  400    0.6421   34.6774  271.8108
2018  283.01695  402    0.6421   34.6776  271.9032
2018  283.01687  404    0.6421   34.6777  271.9172
2018  283.01678  406    0.6424   34.6777  271.9545
2018  283.01670  408    0.6425   34.6780  271.9949
2018  283.01662  410    0.6425   34.6785  272.0897
2018  283.01652  412    0.6427   34.6792  272.3867
2018  283.01642  414    0.6457   34.6811  272.7187
2018  283.01634  416    0.6803   34.6903  272.9266
2018  283.01625  418    0.6946   34.6972  273.2294
2018  283.01617  420    0.7071   34.7001  273.5251
2018  283.01609  422    0.7316   34.7071  273.4946
2018  283.01599  424    0.7320   34.7073  273.4778
2018  283.01590  426    0.7296   34.7071  273.4802
2018  283.01581  428    0.7291   34.7070  273.4540
2018  283.01573  430    0.7287   34.7072  273.4987
2018  283.01564  432    0.7287   34.7075  273.5153
2018  283.01556  434    0.7288   34.7073  273.5146
2018  283.01546  436    0.7289   34.7072  273.6142
2018  283.01537  438    0.7291   34.7074  273.6622
2018  283.01528  440    0.7292   34.7074  273.7512
2018  283.01520  442    0.7294   34.7079  273.9443
2018  283.01512  444    0.7392   34.7091  274.0010
2018  283.01503  446    0.7471   34.7111  273.9532
2018  283.01495  448    0.7471   34.7110  273.9610
2018  283.01485  450    0.7471   34.7108  273.9998
2018  283.01475  452    0.7470   34.7111  273.9834
2018  283.01467  454    0.7471   34.7112  273.9524
2018  283.01459  456    0.7472   34.7111  274.0125
2018  283.01451  458    0.7474   34.7114  274.0777
2018  283.01442  460    0.7475   34.7118  274.0753
2018  283.01434  462    0.7539   34.7126  274.1584
2018  283.01424  464    0.7708   34.7160  274.0737
2018  283.01414  466    0.7696   34.7157  274.0703
2018  283.01406  468    0.7682   34.7156  274.1038
2018  283.01398  470    0.7677   34.7154  274.0748
2018  283.01389  472    0.7663   34.7155  274.1031
2018  283.01381  474    0.7658   34.7155  274.0922
2018  283.01373  476    0.7656   34.7156  274.1309
2018  283.01363  478    0.7657   34.7155  274.1424
2018  283.01353  480    0.7656   34.7153  274.1460
2018  283.01345  482    0.7655   34.7153  274.1304
2018  283.01336  484    0.7655   34.7153  274.1390
2018  283.01328  486    0.7653   34.7153  274.1615
2018  283.01320  488    0.7653   34.7153  274.1233
2018  283.01310  490    0.7650   34.7152  274.1048
2018  283.01301  492    0.7646   34.7151  274.0819
2018  283.01292  494    0.7640   34.7150  274.1168
2018  283.01284  496    0.7630   34.7151  274.1241
2018  283.01275  498    0.7611   34.7149  274.2206
2018  283.01267  500    0.7581   34.7150  274.3374
2018  283.01259  502    0.7530   34.7152  274.5599
2018  283.01249  504    0.7578   34.7166  274.8239
2018  283.01239  506    0.7572   34.7178  275.1210
2018  283.01231  508    0.7595   34.7199  275.3487
2018  283.01223  510    0.7628   34.7216  275.5695
2018  283.01215  512    0.7631   34.7224  275.8081
2018  283.01206  514    0.7665   34.7239  275.9840
2018  283.01198  516    0.7734   34.7252  276.1309
2018  283.01188  518    0.7698   34.7256  276.4344
2018  283.01178  520    0.7739   34.7259  276.5673
2018  283.01170  522    0.7721   34.7275  276.7389
2018  283.01162  524    0.7728   34.7280  276.8692
2018  283.01153  526    0.7732   34.7286  276.9455
2018  283.01145  528    0.7725   34.7291  276.9997
2018  283.01137  530    0.7720   34.7294  277.0417
2018  283.01128  532    0.7709   34.7298  277.0723
2018  283.01119  534    0.7688   34.7301  276.9933
2018  283.01109  536    0.7658   34.7306  277.0275
2018  283.01100  538    0.7629   34.7307  276.9894
2018  283.01092  540    0.7587   34.7306  276.9581
2018  283.01084  542    0.7545   34.7305  276.9197
2018  283.01076  544    0.7483   34.7308  276.9002
2018  283.01067  546    0.7448   34.7305  276.8524
2018  283.01057  548    0.7390   34.7310  276.8430
2018  283.01048  550    0.7347   34.7307  276.7955
2018  283.01039  552    0.7310   34.7308  276.7945
2018  283.01031  554    0.7268   34.7308  276.6967
2018  283.01023  556    0.7220   34.7306  276.7051
2018  283.01014  558    0.7154   34.7307  276.7274
2018  283.01006  560    0.7110   34.7306  276.8164
2018  283.00998  562    0.7056   34.7311  276.8283
2018  283.00988  564    0.6995   34.7313  276.8470
2018  283.00978  566    0.6944   34.7314  276.8256
2018  283.00970  568    0.6891   34.7312  276.8374
2018  283.00961  570    0.6852   34.7312  276.9079
2018  283.00953  572    0.6801   34.7309  276.9731
2018  283.00945  574    0.6742   34.7310  277.0660
2018  283.00937  576    0.6690   34.7310  277.1385
2018  283.00928  578    0.6666   34.7314  277.1565
2018  283.00918  580    0.6607   34.7315  277.1703
2018  283.00909  582    0.6538   34.7318  277.1039
2018  283.00900  584    0.6493   34.7319  277.0394
2018  283.00892  586    0.6448   34.7318  276.9908
2018  283.00884  588    0.6391   34.7320  276.9002
2018  283.00875  590    0.6334   34.7318  276.8266
2018  283.00867  592    0.6283   34.7319  276.7504
2018  283.00859  594    0.6237   34.7315  276.6795
2018  283.00850  596    0.6204   34.7317  276.6126
2018  283.00841  598    0.6173   34.7314  276.4721
2018  283.00831  600    0.6098   34.7315  276.4022
2018  283.00823  602    0.6030   34.7312  276.3247
2018  283.00814  604    0.5985   34.7312  276.2590
2018  283.00806  606    0.5946   34.7313  276.2016
2018  283.00798  608    0.5899   34.7310  276.2266
2018  283.00789  610    0.5867   34.7311  276.2279
2018  283.00781  612    0.5837   34.7311  276.2669
2018  283.00773  614    0.5800   34.7313  276.2643
2018  283.00763  616    0.5768   34.7311  276.3308
2018  283.00753  618    0.5736   34.7309  276.4870
2018  283.00745  620    0.5674   34.7311  276.7779
2018  283.00736  622    0.5630   34.7312  277.0867
2018  283.00728  624    0.5612   34.7315  277.4436
2018  283.00720  626    0.5585   34.7320  277.7084
2018  283.00711  628    0.5559   34.7327  277.8746
2018  283.00703  630    0.5537   34.7333  277.8912
2018  283.00695  632    0.5473   34.7333  278.0283
2018  283.00687  634    0.5437   34.7336  278.1593
2018  283.00677  636    0.5420   34.7340  278.1818
2018  283.00667  638    0.5402   34.7342  278.1779
2018  283.00659  640    0.5368   34.7347  278.2755
2018  283.00651  642    0.5329   34.7347  278.3932
2018  283.00642  644    0.5298   34.7349  278.5119
2018  283.00634  646    0.5273   34.7348  278.5727
2018  283.00625  648    0.5243   34.7351  278.6017
2018  283.00617  650    0.5220   34.7353  278.6537
2018  283.00609  652    0.5181   34.7356  278.6064
2018  283.00600  654    0.5144   34.7360  278.5887
2018  283.00592  656    0.5113   34.7362  278.5737
2018  283.00584  658    0.5089   34.7365  278.6009
2018  283.00576  660    0.5060   34.7366  278.4351
2018  283.00566  662    0.5021   34.7366  278.2686
2018  283.00556  664    0.4972   34.7369  278.0804
2018  283.00548  666    0.4932   34.7372  277.8437
2018  283.00539  668    0.4894   34.7374  277.7398
2018  283.00531  670    0.4858   34.7374  277.7529
2018  283.00523  672    0.4822   34.7375  277.9634
2018  283.00514  674    0.4784   34.7374  278.1132
2018  283.00506  676    0.4745   34.7379  278.1477
2018  283.00498  678    0.4718   34.7380  278.2133
2018  283.00489  680    0.4690   34.7381  278.3073
2018  283.00481  682    0.4668   34.7381  278.3968
2018  283.00473  684    0.4647   34.7384  278.3258
2018  283.00465  686    0.4611   34.7385  278.3708
2018  283.00456  688    0.4582   34.7385  278.4583
2018  283.00448  690    0.4551   34.7386  278.4596
2018  283.00439  692    0.4519   34.7387  278.3990
2018  283.00431  694    0.4491   34.7388  278.3692
2018  283.00421  696    0.4463   34.7388  278.3810
2018  283.00412  698    0.4441   34.7386  278.3603
2018  283.00403  700    0.4418   34.7390  278.4657
2018  283.00395  702    0.4388   34.7390  278.5933
2018  283.00387  704    0.4365   34.7389  278.7003
2018  283.00378  706    0.4341   34.7391  278.8550
2018  283.00370  708    0.4317   34.7393  278.9307
2018  283.00361  710    0.4290   34.7394  278.8653
2018  283.00353  712    0.4261   34.7392  278.8584
2018  283.00345  714    0.4230   34.7397  278.8755
2018  283.00336  716    0.4198   34.7397  278.8711
2018  283.00328  718    0.4162   34.7398  278.9562
2018  283.00320  720    0.4127   34.7398  278.9460
2018  283.00312  722    0.4099   34.7396  278.9459
2018  283.00304  724    0.4075   34.7397  278.9431
2018  283.00295  726    0.4042   34.7400  278.8899
2018  283.00287  728    0.4007   34.7399  278.8086
2018  283.00278  730    0.3976   34.7395  278.7557
2018  283.00270  732    0.3949   34.7401  278.7133
2018  283.00262  734    0.3916   34.7398  278.6787
2018  283.00253  736    0.3888   34.7403  278.6599
2018  283.00245  738    0.3856   34.7404  278.6893
2018  283.00236  740    0.3822   34.7403  278.7097
2018  283.00228  742    0.3798   34.7402  278.6406
2018  283.00220  744    0.3762   34.7402  278.5912
2018  283.00211  746    0.3759   34.7407  278.7207
2018  283.00203  748    0.3695   34.7404  278.7699
2018  283.00195  750    0.3660   34.7404  278.9080
2018  283.00187  752    0.3623   34.7404  278.9654
2018  283.00179  754    0.3586   34.7400  278.9642
%endofdat
