%ITP 110, profile 227: year day longitude(E+) latitude(N+) ndepths
2019   12.00142  -137.0375  74.9179  374 0
%year day pressure(dbar) temperature(C) salinity oxygen(umol/kg)
2019   12.03470    8   -1.5350   28.0301  358.1631
2019   12.03460   10   -1.5350   28.0304  358.0369
2019   12.03451   12   -1.5351   28.0315  357.7907
2019   12.03441   14   -1.5351   28.0343  357.4228
2019   12.03431   16   -1.5355   28.0430  357.0523
2019   12.03421   18   -1.5391   28.1279  356.6944
2019   12.03413   20   -1.5404   28.1627  356.4696
2019   12.03403   22   -1.5416   28.1763  356.2622
2019   12.03394   24   -1.5427   28.2010  355.8670
2019   12.03384   26   -1.5430   28.2183  355.3923
2019   12.03374   28   -1.5423   28.2324  354.7878
2019   12.03366   30   -1.5426   28.2676  354.1882
2019   12.03356   32   -1.5426   28.3449  353.7671
2019   12.03346   34   -1.5466   28.3998  353.3808
2019   12.03338   36   -1.5383   28.4179  353.3407
2019   12.03328   38   -1.5341   28.4422  353.6313
2019   12.03319   40   -1.5172   28.4880  353.9118
2019   12.03310   42   -1.4951   28.5297  354.5300
2019   12.03302   44   -1.4715   28.5603  355.6163
2019   12.03292   46   -1.4291   28.6048  357.1215
2019   12.03282   48   -1.2865   28.7461  357.9317
2019   12.03274   50   -1.0508   29.0235  356.8640
2019   12.03264   52   -0.7421   29.4665  353.7433
2019   12.03255   54   -0.5104   29.7681  350.7108
2019   12.03246   56   -0.4090   29.9469  348.2745
2019   12.03238   58   -0.1503   30.1586  344.5301
2019   12.03228   60   -0.0400   30.3299  340.6726
2019   12.03218   62    0.0679   30.5098  335.6309
2019   12.03210   64    0.1384   30.6588  330.3620
2019   12.03201   66    0.1749   30.7708  325.0481
2019   12.03191   68    0.2030   30.8717  320.2494
2019   12.03182   70    0.1877   30.9683  315.9727
2019   12.03174   72    0.1612   31.0487  311.8963
2019   12.03164   74    0.1600   31.1376  308.2871
2019   12.03155   76    0.1471   31.2332  305.6634
2019   12.03146   78    0.1566   31.2927  303.2354
2019   12.03137   80    0.1640   31.3699  301.2689
2019   12.03127   82    0.2073   31.4188  299.6213
2019   12.03118   84    0.2651   31.4641  297.9936
2019   12.03110   86    0.2438   31.5192  296.9189
2019   12.03100   88    0.2447   31.5603  296.0393
2019   12.03091   90    0.2135   31.5953  295.5032
2019   12.03083   92    0.1753   31.6261  294.8281
2019   12.03074   94    0.1355   31.6558  293.8934
2019   12.03064   96    0.0971   31.6896  292.8865
2019   12.03055   98    0.1608   31.7185  291.6919
2019   12.03046  100    0.1694   31.7554  290.5481
2019   12.03038  102    0.1144   31.7785  289.6344
2019   12.03028  104    0.0939   31.8056  288.5699
2019   12.03019  106    0.0474   31.8329  287.5211
2019   12.03010  108   -0.0530   31.8663  286.7338
2019   12.03002  110   -0.1254   31.8872  285.7949
2019   12.02992  112   -0.1876   31.9088  284.7715
2019   12.02983  114   -0.2388   31.9266  283.6733
2019   12.02974  116   -0.2844   31.9442  282.6714
2019   12.02966  118   -0.3313   31.9637  281.7606
2019   12.02956  120   -0.3937   31.9801  280.8745
2019   12.02946  122   -0.5148   32.0030  279.9515
2019   12.02938  124   -0.6466   32.0270  279.0216
2019   12.02930  126   -0.6995   32.0470  277.7379
2019   12.02920  128   -0.7596   32.0763  276.4712
2019   12.02910  130   -0.8411   32.1039  275.2595
2019   12.02902  132   -0.8870   32.1333  274.2408
2019   12.02894  134   -0.9498   32.1660  273.2986
2019   12.02884  136   -0.9746   32.1954  273.0157
2019   12.02874  138   -1.0065   32.2214  272.0858
2019   12.02866  140   -1.0788   32.2457  270.4500
2019   12.02857  142   -1.0979   32.2749  269.0597
2019   12.02848  144   -1.0824   32.2982  268.1274
2019   12.02838  146   -1.0909   32.3236  267.5065
2019   12.02829  148   -1.1142   32.3487  267.1812
2019   12.02821  150   -1.1364   32.3656  266.5601
2019   12.02813  152   -1.1519   32.3849  265.8063
2019   12.02803  154   -1.1944   32.4098  265.0049
2019   12.02794  156   -1.2094   32.4342  264.3261
2019   12.02785  158   -1.2238   32.4577  263.5990
2019   12.02777  160   -1.2416   32.4781  262.8383
2019   12.02767  162   -1.2556   32.4964  261.8218
2019   12.02757  164   -1.2772   32.5159  260.7504
2019   12.02749  166   -1.2856   32.5342  259.8284
2019   12.02741  168   -1.3064   32.5596  259.1832
2019   12.02732  170   -1.3267   32.5901  259.2737
2019   12.02723  172   -1.3453   32.6114  259.4895
2019   12.02713  174   -1.3648   32.6352  259.2800
2019   12.02704  176   -1.3816   32.6574  259.0139
2019   12.02696  178   -1.3971   32.6804  258.5683
2019   12.02687  180   -1.4112   32.7067  258.2145
2019   12.02677  182   -1.4217   32.7272  257.9605
2019   12.02669  184   -1.4296   32.7480  257.6620
2019   12.02660  186   -1.4366   32.7724  257.4649
2019   12.02650  188   -1.4411   32.7901  257.2186
2019   12.02641  190   -1.4453   32.8037  257.0099
2019   12.02632  192   -1.4492   32.8182  256.7822
2019   12.02624  194   -1.4531   32.8349  256.5698
2019   12.02614  196   -1.4564   32.8547  256.3283
2019   12.02605  198   -1.4622   32.8791  256.0591
2019   12.02596  200   -1.4677   32.9009  255.8444
2019   12.02588  202   -1.4706   32.9186  255.6208
2019   12.02579  204   -1.4728   32.9406  255.3566
2019   12.02570  206   -1.4756   32.9647  255.2366
2019   12.02560  208   -1.4772   32.9942  255.1250
2019   12.02552  210   -1.4785   33.0260  255.0724
2019   12.02544  212   -1.4790   33.0536  255.0725
2019   12.02534  214   -1.4767   33.0856  255.0758
2019   12.02524  216   -1.4725   33.1144  255.1004
2019   12.02516  218   -1.4677   33.1384  255.1033
2019   12.02507  220   -1.4633   33.1679  255.0437
2019   12.02498  222   -1.4577   33.1973  254.8697
2019   12.02488  224   -1.4513   33.2245  254.5275
2019   12.02480  226   -1.4429   33.2512  253.9800
2019   12.02471  228   -1.4289   33.2848  253.2356
2019   12.02463  230   -1.4110   33.3204  252.4368
2019   12.02453  232   -1.3890   33.3611  251.3177
2019   12.02444  234   -1.3688   33.4005  249.8723
2019   12.02435  236   -1.3448   33.4444  248.6533
2019   12.02427  238   -1.3082   33.5056  247.7248
2019   12.02419  240   -1.2694   33.5634  247.0135
2019   12.02409  242   -1.2234   33.6278  246.4517
2019   12.02399  244   -1.1943   33.6728  246.0920
2019   12.02391  246   -1.1637   33.7166  245.7938
2019   12.02382  248   -1.1269   33.7583  245.6759
2019   12.02374  250   -1.0871   33.8034  245.6632
2019   12.02364  252   -1.0581   33.8352  245.7522
2019   12.02355  254   -1.0359   33.8674  246.0782
2019   12.02346  256   -1.0154   33.9022  246.6949
2019   12.02338  258   -0.9827   33.9428  247.3751
2019   12.02329  260   -0.9584   33.9771  248.0392
2019   12.02320  262   -0.9131   34.0165  248.6354
2019   12.02310  264   -0.8577   34.0559  249.1328
2019   12.02302  266   -0.8109   34.0917  249.7023
2019   12.02294  268   -0.7499   34.1271  250.0030
2019   12.02285  270   -0.7120   34.1570  250.2134
2019   12.02275  272   -0.6823   34.1779  250.4661
2019   12.02266  274   -0.6492   34.1962  250.7178
2019   12.02257  276   -0.6176   34.2143  250.9462
2019   12.02249  278   -0.5882   34.2348  251.1129
2019   12.02241  280   -0.5602   34.2502  251.2967
2019   12.02231  282   -0.5269   34.2658  251.4116
2019   12.02221  284   -0.4885   34.2839  251.4823
2019   12.02213  286   -0.4659   34.3003  251.5898
2019   12.02204  288   -0.4382   34.3170  251.6957
2019   12.02196  290   -0.4003   34.3349  251.7358
2019   12.02188  292   -0.3720   34.3481  251.7453
2019   12.02178  294   -0.3465   34.3616  251.8008
2019   12.02169  296   -0.3198   34.3746  251.7959
2019   12.02160  298   -0.2930   34.3858  251.9174
2019   12.02152  300   -0.2664   34.3985  252.0333
2019   12.02144  302   -0.2385   34.4111  252.1384
2019   12.02134  304   -0.2155   34.4238  252.3648
2019   12.02124  306   -0.1621   34.4415  252.4011
2019   12.02116  308   -0.1369   34.4544  252.5637
2019   12.02107  310   -0.0966   34.4687  252.6675
2019   12.02099  312   -0.0660   34.4823  252.8723
2019   12.02091  314   -0.0420   34.4931  253.0022
2019   12.02081  316   -0.0228   34.5011  253.3650
2019   12.02071  318   -0.0014   34.5125  253.7808
2019   12.02063  320    0.0310   34.5246  254.1466
2019   12.02055  322    0.0616   34.5349  254.6183
2019   12.02046  324    0.0996   34.5458  255.1387
2019   12.02038  326    0.1168   34.5524  255.7185
2019   12.02028  328    0.1614   34.5661  256.0020
2019   12.02019  330    0.1938   34.5745  256.3938
2019   12.02010  332    0.1958   34.5766  256.9395
2019   12.02002  334    0.2135   34.5895  257.2693
2019   12.01993  336    0.2454   34.5982  257.3097
2019   12.01985  338    0.2527   34.6025  257.4282
2019   12.01975  340    0.2535   34.6044  257.7751
2019   12.01966  342    0.2971   34.6173  258.0012
2019   12.01958  344    0.3086   34.6220  258.2665
2019   12.01949  346    0.3369   34.6355  258.3626
2019   12.01941  348    0.3369   34.6369  258.6170
2019   12.01932  350    0.3596   34.6481  258.7236
2019   12.01923  352    0.3655   34.6530  259.0448
2019   12.01913  354    0.3660   34.6550  259.5836
2019   12.01905  356    0.4006   34.6651  260.0534
2019   12.01896  358    0.4312   34.6753  260.4011
2019   12.01887  360    0.4539   34.6831  260.8533
2019   12.01877  362    0.4658   34.6881  261.2831
2019   12.01868  364    0.4820   34.6941  261.4616
2019   12.01860  366    0.4866   34.6965  261.6286
2019   12.01852  368    0.4870   34.6976  262.0162
2019   12.01842  370    0.5030   34.7025  262.3895
2019   12.01833  372    0.5217   34.7112  262.6641
2019   12.01824  374    0.5284   34.7152  263.1252
2019   12.01816  376    0.5408   34.7187  263.6667
2019   12.01807  378    0.5586   34.7261  264.0221
2019   12.01799  380    0.5779   34.7328  264.0362
2019   12.01789  382    0.5863   34.7360  264.0536
2019   12.01780  384    0.5864   34.7363  264.1207
2019   12.01771  386    0.5865   34.7365  264.2064
2019   12.01763  388    0.5867   34.7369  264.4001
2019   12.01755  390    0.5914   34.7380  264.6230
2019   12.01746  392    0.6024   34.7412  264.7983
2019   12.01738  394    0.6119   34.7441  264.9860
2019   12.01728  396    0.6153   34.7454  265.1629
2019   12.01718  398    0.6242   34.7482  265.2359
2019   12.01710  400    0.6239   34.7484  265.4520
2019   12.01702  402    0.6280   34.7500  265.6562
2019   12.01694  404    0.6352   34.7523  265.7784
2019   12.01685  406    0.6431   34.7547  265.7092
2019   12.01675  408    0.6453   34.7552  265.6648
2019   12.01666  410    0.6454   34.7553  265.6004
2019   12.01657  412    0.6467   34.7555  265.6929
2019   12.01649  414    0.6470   34.7558  266.0492
2019   12.01641  416    0.6481   34.7562  266.1855
2019   12.01632  418    0.6546   34.7581  266.1728
2019   12.01623  420    0.6505   34.7586  266.2095
2019   12.01613  422    0.6488   34.7590  266.1808
2019   12.01605  424    0.6525   34.7597  266.2076
2019   12.01596  426    0.6628   34.7617  266.2494
2019   12.01588  428    0.6647   34.7632  266.3786
2019   12.01579  430    0.6802   34.7679  266.4554
2019   12.01571  432    0.6922   34.7713  266.6011
2019   12.01562  434    0.7007   34.7753  266.7817
2019   12.01552  436    0.7141   34.7801  266.9034
2019   12.01544  438    0.7153   34.7808  267.1685
2019   12.01535  440    0.7200   34.7824  267.3459
2019   12.01527  442    0.7249   34.7845  267.4796
2019   12.01519  444    0.7277   34.7854  267.5513
2019   12.01509  446    0.7296   34.7863  267.4969
2019   12.01499  448    0.7288   34.7865  267.4904
2019   12.01491  450    0.7281   34.7864  267.5083
2019   12.01482  452    0.7279   34.7865  267.4653
2019   12.01474  454    0.7284   34.7867  267.5606
2019   12.01466  456    0.7289   34.7869  267.6749
2019   12.01456  458    0.7292   34.7871  267.7135
2019   12.01446  460    0.7292   34.7872  267.7796
2019   12.01438  462    0.7293   34.7873  267.7992
2019   12.01430  464    0.7294   34.7875  267.9184
2019   12.01421  466    0.7325   34.7882  267.9853
2019   12.01413  468    0.7391   34.7906  267.8725
2019   12.01405  470    0.7460   34.7928  267.5845
2019   12.01395  472    0.7485   34.7934  267.4499
2019   12.01385  474    0.7492   34.7937  268.0520
2019   12.01377  476    0.7521   34.7942  268.0931
2019   12.01368  478    0.7523   34.7945  268.0538
2019   12.01360  480    0.7546   34.7949  268.1650
2019   12.01352  482    0.7579   34.7956  268.2190
2019   12.01342  484    0.7577   34.7958  268.2494
2019   12.01333  486    0.7566   34.7957  268.2462
2019   12.01324  488    0.7550   34.7958  268.2104
2019   12.01316  490    0.7537   34.7955  268.0895
2019   12.01307  492    0.7518   34.7957  268.0987
2019   12.01299  494    0.7502   34.7956  268.1340
2019   12.01291  496    0.7492   34.7956  268.0781
2019   12.01281  498    0.7482   34.7954  268.1016
2019   12.01271  500    0.7459   34.7954  267.9237
2019   12.01263  502    0.7445   34.7953  267.6195
2019   12.01255  504    0.7422   34.7952  267.1385
2019   12.01246  506    0.7391   34.7952  266.9936
2019   12.01238  508    0.7373   34.7951  266.8293
2019   12.01230  510    0.7363   34.7952  266.7356
2019   12.01220  512    0.7353   34.7951  266.8873
2019   12.01210  514    0.7339   34.7951  267.2495
2019   12.01202  516    0.7330   34.7952  267.2230
2019   12.01194  518    0.7331   34.7951  266.8894
2019   12.01185  520    0.7326   34.7953  266.9673
2019   12.01177  522    0.7323   34.7952  267.6454
2019   12.01169  524    0.7322   34.7952  268.3380
2019   12.01159  526    0.7322   34.7953  268.5145
2019   12.01149  528    0.7337   34.7962  268.6626
2019   12.01141  530    0.7385   34.7988  268.7380
2019   12.01132  532    0.7393   34.7994  268.9343
2019   12.01124  534    0.7429   34.8012  269.1300
2019   12.01116  536    0.7444   34.8028  269.3251
2019   12.01107  538    0.7475   34.8044  269.6545
2019   12.01098  540    0.7476   34.8054  269.8063
2019   12.01088  542    0.7475   34.8064  270.0578
2019   12.01079  544    0.7475   34.8063  270.4237
2019   12.01071  546    0.7491   34.8077  270.6586
2019   12.01063  548    0.7493   34.8084  270.8428
2019   12.01055  550    0.7486   34.8095  270.9605
2019   12.01046  552    0.7462   34.8099  271.0909
2019   12.01036  554    0.7449   34.8104  271.0981
2019   12.01027  556    0.7415   34.8110  271.0754
2019   12.01019  558    0.7384   34.8112  270.9437
2019   12.01010  560    0.7347   34.8112  270.9248
2019   12.01002  562    0.7306   34.8112  270.9919
2019   12.00993  564    0.7264   34.8110  271.0861
2019   12.00985  566    0.7205   34.8111  271.0147
2019   12.00977  568    0.7148   34.8110  270.9808
2019   12.00967  570    0.7092   34.8110  270.9433
2019   12.00958  572    0.7033   34.8111  270.9660
2019   12.00949  574    0.6987   34.8109  271.0166
2019   12.00941  576    0.6945   34.8113  271.0000
2019   12.00932  578    0.6885   34.8112  271.0725
2019   12.00924  580    0.6848   34.8112  271.1795
2019   12.00916  582    0.6814   34.8113  271.2350
2019   12.00907  584    0.6785   34.8112  271.3252
2019   12.00898  586    0.6747   34.8115  271.3917
2019   12.00888  588    0.6696   34.8120  271.4506
2019   12.00880  590    0.6648   34.8122  271.4470
2019   12.00871  592    0.6624   34.8121  271.4951
2019   12.00863  594    0.6577   34.8122  271.5571
2019   12.00855  596    0.6528   34.8121  271.6900
2019   12.00846  598    0.6494   34.8124  271.7831
2019   12.00838  600    0.6456   34.8128  271.7871
2019   12.00828  602    0.6413   34.8131  271.8235
2019   12.00819  604    0.6379   34.8133  271.8192
2019   12.00810  606    0.6348   34.8133  271.7870
2019   12.00802  608    0.6308   34.8135  271.6994
2019   12.00794  610    0.6255   34.8135  271.5347
2019   12.00785  612    0.6200   34.8134  271.4620
2019   12.00777  614    0.6136   34.8134  271.4167
2019   12.00769  616    0.6072   34.8135  271.4335
2019   12.00760  618    0.6028   34.8133  271.3890
2019   12.00751  620    0.5983   34.8132  271.3267
2019   12.00741  622    0.5943   34.8131  271.2482
2019   12.00732  624    0.5892   34.8132  271.1999
2019   12.00724  626    0.5855   34.8131  271.1960
2019   12.00716  628    0.5816   34.8130  271.1695
2019   12.00708  630    0.5768   34.8129  271.1186
2019   12.00699  632    0.5722   34.8129  271.0585
2019   12.00691  634    0.5665   34.8130  271.1640
2019   12.00682  636    0.5625   34.8129  271.2238
2019   12.00674  638    0.5572   34.8129  271.4868
2019   12.00664  640    0.5540   34.8129  271.8024
2019   12.00655  642    0.5539   34.8135  271.9327
2019   12.00646  644    0.5525   34.8140  272.1129
2019   12.00638  646    0.5482   34.8145  272.2770
2019   12.00630  648    0.5458   34.8149  272.3870
2019   12.00621  650    0.5436   34.8154  272.3894
2019   12.00613  652    0.5382   34.8159  272.5190
2019   12.00605  654    0.5354   34.8158  272.6253
2019   12.00596  656    0.5333   34.8163  272.6380
2019   12.00588  658    0.5291   34.8167  272.6535
2019   12.00578  660    0.5257   34.8169  272.7550
2019   12.00569  662    0.5237   34.8170  272.7845
2019   12.00560  664    0.5217   34.8171  272.8614
2019   12.00552  666    0.5191   34.8174  272.8709
2019   12.00544  668    0.5158   34.8174  272.8797
2019   12.00535  670    0.5132   34.8177  272.8970
2019   12.00527  672    0.5086   34.8181  272.9172
2019   12.00519  674    0.5051   34.8184  272.8373
2019   12.00510  676    0.5014   34.8188  272.7773
2019   12.00502  678    0.4979   34.8189  272.8266
2019   12.00493  680    0.4953   34.8190  272.7810
2019   12.00485  682    0.4919   34.8194  272.7100
2019   12.00476  684    0.4884   34.8195  272.6100
2019   12.00466  686    0.4855   34.8197  272.4469
2019   12.00458  688    0.4835   34.8198  272.2623
2019   12.00449  690    0.4791   34.8201  272.1123
2019   12.00441  692    0.4756   34.8202  272.0738
2019   12.00432  694    0.4714   34.8203  272.0808
2019   12.00424  696    0.4683   34.8204  272.0084
2019   12.00416  698    0.4660   34.8205  271.9498
2019   12.00407  700    0.4623   34.8206  272.0979
2019   12.00399  702    0.4593   34.8208  272.1027
2019   12.00391  704    0.4566   34.8209  272.1612
2019   12.00382  706    0.4537   34.8213  272.1180
2019   12.00374  708    0.4499   34.8217  271.9299
2019   12.00366  710    0.4470   34.8218  271.8232
2019   12.00357  712    0.4441   34.8222  271.8197
2019   12.00348  714    0.4408   34.8222  271.9382
2019   12.00338  716    0.4385   34.8223  272.0898
2019   12.00329  718    0.4371   34.8222  272.1540
2019   12.00321  720    0.4342   34.8225  272.1420
2019   12.00313  722    0.4318   34.8226  272.2701
2019   12.00305  724    0.4290   34.8226  272.3937
2019   12.00296  726    0.4250   34.8229  272.4233
2019   12.00288  728    0.4222   34.8229  272.4591
2019   12.00280  730    0.4189   34.8232  272.5070
2019   12.00271  732    0.4149   34.8232  272.4967
2019   12.00263  734    0.4114   34.8234  272.4263
2019   12.00255  736    0.4079   34.8234  272.3667
2019   12.00246  738    0.4050   34.8235  272.4405
2019   12.00238  740    0.4018   34.8238  272.3913
2019   12.00230  742    0.3989   34.8240  272.2271
2019   12.00221  744    0.3957   34.8242  272.0012
2019   12.00213  746    0.3941   34.8241  271.8985
2019   12.00204  748    0.3926   34.8245  271.7859
2019   12.00196  750    0.3903   34.8243  271.7038
2019   12.00188  752    0.3874   34.8246  271.8404
2019   12.00180  754    0.3846   34.8248  272.1442
%endofdat
