%ITP 110, profile 351: year day longitude(E+) latitude(N+) ndepths
2019   74.00141  -133.5286  75.2434  245 0
%year day pressure(dbar) temperature(C) salinity oxygen(umol/kg)
2019   74.03096  268   -1.4481   33.1526  257.0227
2019   74.03092  270   -1.4465   32.8886  258.8638
2019   74.02893  272   -1.4335   32.6788  259.1306
2019   74.02781  274   -1.4079   33.3339  257.0064
2019   74.02744  276   -1.3951   33.5598  256.8852
2019   74.02710  278   -1.3809   33.7218  256.8180
2019   74.02677  280   -1.3712   33.5386  257.7055
2019   74.02647  282   -1.3538   33.7692  257.7030
2019   74.02617  284   -1.3418   33.7801  257.9786
2019   74.02587  286   -1.3239   33.7606  258.2709
2019   74.02555  288   -1.3154   33.7932  258.3856
2019   74.02527  290   -1.3087   33.7983  258.4013
2019   74.02502  292   -1.2976   33.7996  257.7426
2019   74.02474  294   -1.2889   33.7688  257.1572
2019   74.02447  296   -1.2788   33.7994  257.4519
2019   74.02419  298   -1.2751   33.7969  257.5409
2019   74.02391  300   -1.2642   33.8095  257.9726
2019   74.02366  302   -1.2490   33.8151  258.0181
2019   74.02344  304   -1.2444   33.8381  258.7793
2019   74.02321  306   -1.2369   33.8525  259.6666
2019   74.02298  308   -1.2314   33.8588  259.9943
2019   74.02272  310   -1.2319   33.8681  260.7264
2019   74.02245  312   -1.2257   33.8772  260.9670
2019   74.02221  314   -1.2338   33.8780  261.2409
2019   74.02201  316   -1.2082   33.8858  261.3559
2019   74.02183  318   -1.2073   33.8881  261.5835
2019   74.02166  320   -1.1994   33.8966  261.6192
2019   74.02149  322   -1.1937   33.8982  261.8047
2019   74.02133  324   -1.1873   33.9007  262.1847
2019   74.02116  326   -1.1775   33.9029  262.4155
2019   74.02101  328   -1.1622   33.9043  262.3057
2019   74.02088  330   -1.1509   33.9090  262.2558
2019   74.02074  332   -1.1351   33.9122  262.2548
2019   74.02059  334   -1.1119   33.9200  262.0477
2019   74.02047  336   -1.0785   33.9249  261.7844
2019   74.02035  338   -1.0124   33.9323  261.2319
2019   74.02023  340   -0.9449   33.9518  260.7212
2019   74.02012  342   -0.9094   33.9588  260.2693
2019   74.02002  344   -0.8624   33.9690  259.6797
2019   74.01991  346   -0.8072   33.9767  258.8182
2019   74.01978  348   -0.7445   33.9887  257.6169
2019   74.01966  350   -0.6675   34.0049  256.0769
2019   74.01955  352   -0.5854   34.0180  254.7659
2019   74.01945  354   -0.4765   34.0277  253.9781
2019   74.01935  356   -0.3368   34.0617  253.6928
2019   74.01924  358   -0.2328   34.0837  253.7044
2019   74.01915  360   -0.1738   34.1074  253.9398
2019   74.01905  362   -0.1257   34.1245  254.6068
2019   74.01895  364   -0.0971   34.1358  255.2462
2019   74.01885  366   -0.0361   34.1573  255.6399
2019   74.01876  368    0.0115   34.1768  256.0743
2019   74.01867  370    0.0444   34.1850  256.4574
2019   74.01858  372    0.0709   34.1987  256.8223
2019   74.01848  374    0.1039   34.2059  257.2052
2019   74.01840  376    0.1301   34.2189  257.4516
2019   74.01830  378    0.1461   34.2274  257.8457
2019   74.01820  380    0.1729   34.2330  258.1833
2019   74.01810  382    0.2076   34.2481  258.4136
2019   74.01801  384    0.2336   34.2601  258.5368
2019   74.01792  386    0.2473   34.2641  258.8507
2019   74.01783  388    0.2683   34.2647  259.2617
2019   74.01773  390    0.2914   34.2770  259.4399
2019   74.01765  392    0.3036   34.2842  259.7423
2019   74.01756  394    0.3155   34.2883  260.0720
2019   74.01747  396    0.3412   34.2953  260.3332
2019   74.01737  398    0.3681   34.3073  260.5082
2019   74.01728  400    0.3858   34.3165  260.7559
2019   74.01720  402    0.3955   34.3198  261.2181
2019   74.01712  404    0.4193   34.3239  261.5674
2019   74.01702  406    0.4422   34.3343  261.8139
2019   74.01693  408    0.4602   34.3421  262.0994
2019   74.01684  410    0.4745   34.3459  262.2946
2019   74.01674  412    0.4903   34.3529  262.5611
2019   74.01665  414    0.4973   34.3555  262.8928
2019   74.01656  416    0.5094   34.3592  263.1945
2019   74.01648  418    0.5234   34.3636  263.4883
2019   74.01640  420    0.5432   34.3718  263.5109
2019   74.01630  422    0.5515   34.3749  263.6034
2019   74.01620  424    0.5586   34.3790  263.6248
2019   74.01612  426    0.5608   34.3803  263.6995
2019   74.01603  428    0.5658   34.3821  263.6806
2019   74.01595  430    0.5675   34.3832  263.6774
2019   74.01587  432    0.5675   34.3823  263.6672
2019   74.01577  434    0.5677   34.3802  263.6253
2019   74.01568  436    0.5672   34.3797  263.4981
2019   74.01559  438    0.5670   34.3790  263.3985
2019   74.01551  440    0.5666   34.3767  263.3296
2019   74.01542  442    0.5718   34.3790  263.3135
2019   74.01534  444    0.5809   34.3812  263.3704
2019   74.01524  446    0.5916   34.3822  263.2763
2019   74.01515  448    0.5939   34.3859  263.4105
2019   74.01506  450    0.5891   34.3838  264.0252
2019   74.01498  452    0.6043   34.3867  264.4134
2019   74.01490  454    0.6135   34.3906  264.5509
2019   74.01481  456    0.6161   34.3908  264.4407
2019   74.01473  458    0.6156   34.3903  264.1902
2019   74.01463  460    0.6157   34.3880  263.7844
2019   74.01453  462    0.6149   34.3860  263.1302
2019   74.01445  464    0.6128   34.3859  262.2664
2019   74.01437  466    0.6065   34.3852  261.1019
2019   74.01429  468    0.6051   34.3829  259.8682
2019   74.01420  470    0.6094   34.3809  258.9499
2019   74.01410  472    0.6031   34.3855  258.4781
2019   74.01401  474    0.5998   34.3853  258.0846
2019   74.01392  476    0.5980   34.3850  258.1379
2019   74.01384  478    0.5927   34.3848  258.5653
2019   74.01376  480    0.5942   34.3862  259.3635
2019   74.01367  482    0.5967   34.3840  260.4735
2019   74.01358  484    0.6063   34.3856  261.8537
2019   74.01348  486    0.6209   34.3871  263.5217
2019   74.01340  488    0.6348   34.3866  264.9836
2019   74.01331  490    0.6676   34.3842  265.5427
2019   74.01323  492    0.6865   34.3923  265.9558
2019   74.01314  494    0.6922   34.3886  266.4497
2019   74.01305  496    0.6985   34.3923  266.7190
2019   74.01295  498    0.7109   34.3926  266.6831
2019   74.01287  500    0.7108   34.3878  266.6286
2019   74.01279  502    0.7109   34.3908  266.6084
2019   74.01270  504    0.7146   34.3895  266.4190
2019   74.01262  506    0.7211   34.3869  265.9942
2019   74.01252  508    0.7216   34.3873  265.2825
2019   74.01242  510    0.7130   34.3856  264.5512
2019   74.01234  512    0.6983   34.3795  263.9836
2019   74.01226  514    0.6737   34.3828  263.6678
2019   74.01217  516    0.6622   34.3785  263.8319
2019   74.01209  518    0.6616   34.3783  264.3302
2019   74.01199  520    0.6664   34.3744  264.9367
2019   74.01189  522    0.6711   34.3764  265.6762
2019   74.01181  524    0.6746   34.3746  266.2549
2019   74.01173  526    0.6996   34.3776  266.2171
2019   74.01165  528    0.6997   34.3803  266.1822
2019   74.01156  530    0.6912   34.3732  266.1359
2019   74.01146  532    0.6899   34.3749  266.0018
2019   74.01137  534    0.6900   34.3698  265.8335
2019   74.01128  536    0.6900   34.3674  265.4186
2019   74.01120  538    0.6856   34.3714  265.0205
2019   74.01112  540    0.6770   34.3650  264.5673
2019   74.01103  542    0.6717   34.3631  264.1910
2019   74.01094  544    0.6608   34.3626  264.0946
2019   74.01084  546    0.6547   34.3636  264.4331
2019   74.01076  548    0.6540   34.3612  265.0240
2019   74.01068  550    0.6550   34.3559  265.9763
2019   74.01059  552    0.6673   34.3545  266.9136
2019   74.01051  554    0.6814   34.3615  267.7249
2019   74.01041  556    0.6972   34.3572  268.4868
2019   74.01031  558    0.7103   34.3564  269.0112
2019   74.01023  560    0.7219   34.3624  269.2885
2019   74.01015  562    0.7231   34.3644  269.6260
2019   74.01006  564    0.7341   34.3667  269.7364
2019   74.00998  566    0.7304   34.3656  269.8986
2019   74.00990  568    0.7266   34.3681  270.0659
2019   74.00980  570    0.7259   34.3608  269.9100
2019   74.00970  572    0.7271   34.3662  269.5247
2019   74.00962  574    0.7222   34.3620  269.1355
2019   74.00953  576    0.7018   34.3624  268.9463
2019   74.00945  578    0.6954   34.3618  268.6109
2019   74.00937  580    0.6907   34.3610  268.2813
2019   74.00929  582    0.6822   34.3574  267.9723
2019   74.00919  584    0.6609   34.3604  267.8823
2019   74.00909  586    0.6462   34.3572  267.8274
2019   74.00901  588    0.6417   34.3574  267.7568
2019   74.00892  590    0.6359   34.3554  267.7983
2019   74.00884  592    0.6291   34.3559  267.9579
2019   74.00876  594    0.6245   34.3547  268.2951
2019   74.00867  596    0.6190   34.3539  268.8726
2019   74.00858  598    0.6152   34.3534  269.6758
2019   74.00848  600    0.6285   34.3507  269.9392
2019   74.00840  602    0.6466   34.3560  269.6712
2019   74.00831  604    0.6449   34.3582  269.3253
2019   74.00823  606    0.6353   34.3579  269.0301
2019   74.00814  608    0.6304   34.3581  268.6350
2019   74.00806  610    0.6195   34.3558  268.0269
2019   74.00797  612    0.6167   34.3602  267.5011
2019   74.00787  614    0.5738   34.3577  267.8963
2019   74.00779  616    0.5652   34.3556  268.4641
2019   74.00770  618    0.5714   34.3542  268.8130
2019   74.00762  620    0.5803   34.3575  269.0433
2019   74.00753  622    0.5743   34.3595  269.3721
2019   74.00745  624    0.5818   34.3563  269.3224
2019   74.00737  626    0.5879   34.3600  269.0583
2019   74.00727  628    0.5800   34.3601  268.8500
2019   74.00717  630    0.5714   34.3608  268.8013
2019   74.00709  632    0.5613   34.3600  268.9414
2019   74.00701  634    0.5547   34.3603  269.1531
2019   74.00693  636    0.5566   34.3597  269.1534
2019   74.00684  638    0.5559   34.3614  268.9103
2019   74.00676  640    0.5486   34.3613  268.6647
2019   74.00667  642    0.5428   34.3614  268.3994
2019   74.00658  644    0.5401   34.3608  267.8067
2019   74.00648  646    0.5331   34.3632  267.2010
2019   74.00640  648    0.5191   34.3631  266.9201
2019   74.00631  650    0.5049   34.3621  266.9194
2019   74.00623  652    0.5010   34.3621  266.9745
2019   74.00615  654    0.4970   34.3625  266.9286
2019   74.00606  656    0.4935   34.3634  266.9887
2019   74.00598  658    0.4892   34.3639  267.1579
2019   74.00588  660    0.4845   34.3645  267.5034
2019   74.00578  662    0.4836   34.3643  267.7670
2019   74.00570  664    0.4874   34.3657  267.8474
2019   74.00562  666    0.4838   34.3669  267.9244
2019   74.00554  668    0.4833   34.3677  267.9848
2019   74.00545  670    0.4771   34.3681  268.0120
2019   74.00537  672    0.4777   34.3686  268.0004
2019   74.00529  674    0.4744   34.3695  267.9562
2019   74.00520  676    0.4719   34.3700  268.0016
2019   74.00512  678    0.4679   34.3707  268.1617
2019   74.00502  680    0.4644   34.3712  268.1495
2019   74.00492  682    0.4620   34.3729  268.3672
2019   74.00484  684    0.4556   34.3733  268.7220
2019   74.00476  686    0.4549   34.3736  269.0630
2019   74.00467  688    0.4582   34.3744  269.1394
2019   74.00459  690    0.4595   34.3759  269.1139
2019   74.00451  692    0.4580   34.3770  269.0874
2019   74.00443  694    0.4543   34.3776  269.1105
2019   74.00434  696    0.4531   34.3778  269.1463
2019   74.00426  698    0.4516   34.3787  269.1943
2019   74.00416  700    0.4496   34.3794  269.1453
2019   74.00406  702    0.4487   34.3807  269.0005
2019   74.00398  704    0.4438   34.3816  268.9456
2019   74.00390  706    0.4381   34.3820  268.9779
2019   74.00381  708    0.4335   34.3821  269.0893
2019   74.00373  710    0.4308   34.3828  269.2293
2019   74.00365  712    0.4298   34.3835  269.2888
2019   74.00356  714    0.4284   34.3840  269.3429
2019   74.00348  716    0.4281   34.3857  269.2966
2019   74.00340  718    0.4242   34.3860  269.2740
2019   74.00331  720    0.4176   34.3874  269.3994
2019   74.00323  722    0.4137   34.3874  269.4337
2019   74.00313  724    0.4125   34.3880  269.4083
2019   74.00304  726    0.4087   34.3889  269.4604
2019   74.00295  728    0.4061   34.3898  269.5227
2019   74.00287  730    0.4016   34.3911  269.6230
2019   74.00279  732    0.3991   34.3909  269.6556
2019   74.00270  734    0.3995   34.3926  269.6679
2019   74.00262  736    0.3928   34.3934  269.7389
2019   74.00253  738    0.3903   34.3940  269.7210
2019   74.00245  740    0.3883   34.3953  269.6399
2019   74.00237  742    0.3843   34.3961  269.6089
2019   74.00228  744    0.3813   34.3966  269.6261
2019   74.00220  746    0.3776   34.3977  269.6320
2019   74.00212  748    0.3735   34.3988  269.5786
2019   74.00202  750    0.3695   34.3996  269.6092
2019   74.00193  752    0.3663   34.4011  269.5525
2019   74.00184  754    0.3631   34.4019  269.5206
2019   74.00178  756    0.3617   34.4030  269.4409
%endofdat
