%ITP 110, profile 518: year day longitude(E+) latitude(N+) ndepths
2019  157.25141  -144.3133  74.6239  359 0
%year day pressure(dbar) temperature(C) salinity oxygen(umol/kg)
2019  157.25181   44   -1.4435   27.9882  361.8873
2019  157.25188   46   -1.4428   27.9902  361.9744
2019  157.25196   48   -1.4410   27.9937  362.0215
2019  157.25205   50   -1.4390   28.0038  362.0021
2019  157.25215   52   -1.4274   28.0251  361.9715
2019  157.25224   54   -1.3604   28.1099  361.4810
2019  157.25233   56   -0.9787   28.5894  358.4533
2019  157.25241   58   -0.7050   28.8631  356.8639
2019  157.25249   60   -0.5779   29.0854  355.8777
2019  157.25258   62   -0.3221   29.3048  354.3818
2019  157.25266   64   -0.0456   29.4528  352.9627
2019  157.25276   66   -0.0052   29.6099  350.9718
2019  157.25285   68    0.3451   29.8062  348.8115
2019  157.25294   70    0.8651   29.9895  344.7144
2019  157.25302   72    0.9846   30.1054  339.6868
2019  157.25311   74    0.9076   30.2161  335.4023
2019  157.25319   76    0.9056   30.3777  333.0422
2019  157.25328   78    0.6732   30.4830  332.8610
2019  157.25338   80    0.1282   30.6722  334.1894
2019  157.25346   82    0.0883   30.7680  337.0342
2019  157.25355   84    0.0860   30.8493  338.6398
2019  157.25363   86    0.0663   30.9420  338.2653
2019  157.25373   88    0.0283   31.0270  336.3850
2019  157.25383   90   -0.0286   31.1091  333.3466
2019  157.25391   92   -0.0305   31.1786  330.0138
2019  157.25399   94   -0.0279   31.2286  326.1027
2019  157.25408   96   -0.0389   31.2772  322.1409
2019  157.25417   98   -0.0674   31.3313  318.3318
2019  157.25427  100   -0.1047   31.4116  315.3808
2019  157.25436  102    0.0025   31.4737  312.4305
2019  157.25444  104    0.0588   31.5147  309.0133
2019  157.25452  106    0.0727   31.5515  305.9535
2019  157.25462  108    0.0940   31.5880  303.5038
2019  157.25471  110    0.0095   31.6222  301.8705
2019  157.25480  112   -0.0375   31.6617  300.5845
2019  157.25488  114   -0.0581   31.6976  299.5826
2019  157.25497  116   -0.0953   31.7298  298.7272
2019  157.25506  118   -0.1580   31.7780  297.8969
2019  157.25516  120   -0.2077   31.8176  296.8601
2019  157.25524  122   -0.2983   31.8533  295.8820
2019  157.25533  124   -0.3850   31.8803  294.9225
2019  157.25541  126   -0.4601   31.9103  294.0997
2019  157.25551  128   -0.5843   31.9335  293.3988
2019  157.25561  130   -0.5983   31.9562  292.3906
2019  157.25569  132   -0.6536   31.9751  291.4941
2019  157.25577  134   -0.7379   32.0032  290.6278
2019  157.25587  136   -0.8157   32.0331  289.7579
2019  157.25596  138   -0.8915   32.0678  288.7773
2019  157.25605  140   -0.9634   32.0959  287.7074
2019  157.25613  142   -0.9891   32.1223  286.3924
2019  157.25622  144   -1.0406   32.1494  285.2833
2019  157.25631  146   -1.0569   32.1621  283.8640
2019  157.25641  148   -1.0968   32.1853  282.6938
2019  157.25649  150   -1.1132   32.2144  281.6855
2019  157.25658  152   -1.1359   32.2404  280.6297
2019  157.25667  154   -1.1582   32.2595  279.5215
2019  157.25677  156   -1.1842   32.2768  278.5317
2019  157.25686  158   -1.1923   32.2960  277.7532
2019  157.25694  160   -1.2083   32.3174  277.1007
2019  157.25703  162   -1.2285   32.3370  276.3400
2019  157.25713  164   -1.2520   32.3579  275.7247
2019  157.25721  166   -1.2694   32.3738  275.1731
2019  157.25730  168   -1.2839   32.3866  274.6482
2019  157.25738  170   -1.2926   32.4073  274.3776
2019  157.25748  172   -1.2897   32.4273  273.9937
2019  157.25758  174   -1.2837   32.4481  273.2838
2019  157.25766  176   -1.2925   32.4671  272.2000
2019  157.25776  178   -1.3096   32.4849  271.0929
2019  157.25785  180   -1.3418   32.5096  270.3794
2019  157.25794  182   -1.3579   32.5286  270.2753
2019  157.25802  184   -1.3570   32.5421  270.4064
2019  157.25812  186   -1.3521   32.5574  270.1666
2019  157.25821  188   -1.3565   32.5768  269.3462
2019  157.25830  190   -1.3668   32.5975  268.2362
2019  157.25838  192   -1.3744   32.6155  267.2172
2019  157.25847  194   -1.3832   32.6333  266.2127
2019  157.25856  196   -1.3911   32.6542  265.2391
2019  157.25866  198   -1.3997   32.6754  264.2506
2019  157.25874  200   -1.4080   32.6963  263.5322
2019  157.25883  202   -1.4168   32.7142  262.7354
2019  157.25892  204   -1.4162   32.7317  261.8446
2019  157.25902  206   -1.4233   32.7484  261.2209
2019  157.25910  208   -1.4298   32.7627  260.5841
2019  157.25919  210   -1.4347   32.7793  259.8921
2019  157.25929  212   -1.4398   32.7980  259.3535
2019  157.25938  214   -1.4459   32.8200  258.8909
2019  157.25946  216   -1.4511   32.8440  258.3595
2019  157.25955  218   -1.4551   32.8664  257.8177
2019  157.25965  220   -1.4572   32.8827  257.3778
2019  157.25974  222   -1.4596   32.8993  257.0390
2019  157.25983  224   -1.4627   32.9261  256.7179
2019  157.25991  226   -1.4656   32.9502  256.4232
2019  157.26001  228   -1.4681   32.9694  256.0628
2019  157.26010  230   -1.4693   32.9889  255.8914
2019  157.26019  232   -1.4711   33.0104  255.6419
2019  157.26028  234   -1.4712   33.0363  255.3291
2019  157.26038  236   -1.4704   33.0572  255.1230
2019  157.26047  238   -1.4682   33.0781  254.8937
2019  157.26055  240   -1.4655   33.1014  254.6568
2019  157.26063  242   -1.4583   33.1386  254.4067
2019  157.26073  244   -1.4498   33.1742  254.1787
2019  157.26083  246   -1.4399   33.2047  253.9905
2019  157.26091  248   -1.4298   33.2322  253.8174
2019  157.26099  250   -1.4220   33.2566  253.5985
2019  157.26109  252   -1.4083   33.2895  253.3929
2019  157.26119  254   -1.3881   33.3352  253.1634
2019  157.26127  256   -1.3682   33.3752  252.8250
2019  157.26137  258   -1.3476   33.4146  252.3918
2019  157.26147  260   -1.3278   33.4514  251.8338
2019  157.26155  262   -1.3048   33.4914  251.1929
2019  157.26163  264   -1.2769   33.5381  250.5078
2019  157.26173  266   -1.2445   33.5881  249.7553
2019  157.26182  268   -1.2078   33.6343  249.0038
2019  157.26191  270   -1.1725   33.6704  248.1613
2019  157.26199  272   -1.1407   33.7025  247.1467
2019  157.26209  274   -1.1134   33.7393  246.2310
2019  157.26219  276   -1.0845   33.7773  245.4762
2019  157.26227  278   -1.0487   33.8157  244.9097
2019  157.26237  280   -1.0151   33.8572  244.3890
2019  157.26247  282   -0.9687   33.9002  243.8831
2019  157.26255  284   -0.9167   33.9434  243.4162
2019  157.26263  286   -0.8835   33.9836  243.1095
2019  157.26273  288   -0.8494   34.0098  243.1174
2019  157.26283  290   -0.8176   34.0405  243.1527
2019  157.26291  292   -0.7902   34.0688  243.4696
2019  157.26299  294   -0.7574   34.0975  244.0384
2019  157.26309  296   -0.7102   34.1258  244.5734
2019  157.26319  298   -0.6623   34.1493  245.1180
2019  157.26327  300   -0.6407   34.1692  245.4002
2019  157.26337  302   -0.6221   34.1934  245.8775
2019  157.26346  304   -0.5873   34.2172  246.8288
2019  157.26355  306   -0.5511   34.2364  247.4807
2019  157.26365  308   -0.5156   34.2557  248.1360
2019  157.26374  310   -0.4749   34.2771  248.7067
2019  157.26383  312   -0.4496   34.2953  249.1788
2019  157.26392  314   -0.4214   34.3157  249.5870
2019  157.26402  316   -0.3909   34.3325  249.8841
2019  157.26410  318   -0.3565   34.3507  250.1074
2019  157.26419  320   -0.3239   34.3654  250.3278
2019  157.26429  322   -0.2947   34.3796  250.4823
2019  157.26438  324   -0.2645   34.3928  250.6869
2019  157.26446  326   -0.2329   34.4060  250.8864
2019  157.26456  328   -0.2031   34.4174  250.9377
2019  157.26466  330   -0.1728   34.4298  251.1774
2019  157.26474  332   -0.1477   34.4442  251.5350
2019  157.26483  334   -0.1191   34.4571  251.7612
2019  157.26492  336   -0.0874   34.4706  251.9394
2019  157.26502  338   -0.0528   34.4850  252.1207
2019  157.26512  340   -0.0272   34.4966  252.2922
2019  157.26522  342   -0.0079   34.5045  252.4345
2019  157.26530  344    0.0120   34.5126  252.9010
2019  157.26540  346    0.0289   34.5197  253.3958
2019  157.26549  348    0.0510   34.5283  253.6678
2019  157.26557  350    0.0736   34.5364  253.8763
2019  157.26567  352    0.0931   34.5447  254.1468
2019  157.26577  354    0.1150   34.5540  254.4047
2019  157.26585  356    0.1350   34.5618  254.7236
2019  157.26595  358    0.1552   34.5692  254.8892
2019  157.26605  360    0.1733   34.5765  255.1297
2019  157.26613  362    0.1901   34.5831  255.3072
2019  157.26623  364    0.2076   34.5894  255.4901
2019  157.26633  366    0.2305   34.5974  255.6670
2019  157.26641  368    0.2431   34.6037  256.0709
2019  157.26651  370    0.2587   34.6106  256.4880
2019  157.26660  372    0.2828   34.6182  256.6108
2019  157.26669  374    0.3040   34.6247  256.5672
2019  157.26679  376    0.3191   34.6315  256.7747
2019  157.26688  378    0.3340   34.6376  256.8668
2019  157.26696  380    0.3479   34.6449  256.8721
2019  157.26706  382    0.3596   34.6507  257.0793
2019  157.26716  384    0.3725   34.6575  257.2490
2019  157.26724  386    0.3892   34.6641  257.3986
2019  157.26733  388    0.4064   34.6713  257.5631
2019  157.26742  390    0.4257   34.6775  257.6958
2019  157.26752  392    0.4481   34.6843  257.8635
2019  157.26760  394    0.4631   34.6893  258.1474
2019  157.26770  396    0.4747   34.6938  258.5682
2019  157.26780  398    0.4838   34.6966  258.9941
2019  157.26788  400    0.4939   34.7011  259.3117
2019  157.26798  402    0.5056   34.7059  259.5003
2019  157.26807  404    0.5220   34.7121  259.6255
2019  157.26816  406    0.5308   34.7144  259.8769
2019  157.26826  408    0.5394   34.7189  260.0955
2019  157.26835  410    0.5519   34.7230  260.2007
2019  157.26844  412    0.5603   34.7278  260.4575
2019  157.26854  414    0.5722   34.7327  260.7692
2019  157.26863  416    0.5829   34.7363  261.0774
2019  157.26872  418    0.5906   34.7379  261.4915
2019  157.26881  420    0.5914   34.7388  262.0879
2019  157.26891  422    0.5973   34.7410  262.4463
2019  157.26899  424    0.6031   34.7431  262.6442
2019  157.26909  426    0.6094   34.7456  262.7771
2019  157.26919  428    0.6143   34.7469  262.9932
2019  157.26927  430    0.6154   34.7473  263.3204
2019  157.26936  432    0.6182   34.7489  263.5082
2019  157.26945  434    0.6245   34.7507  263.5840
2019  157.26955  436    0.6284   34.7524  263.7954
2019  157.26963  438    0.6352   34.7545  263.9132
2019  157.26973  440    0.6384   34.7552  264.1317
2019  157.26983  442    0.6396   34.7561  264.3501
2019  157.26991  444    0.6445   34.7572  264.5205
2019  157.27001  446    0.6451   34.7575  264.6873
2019  157.27010  448    0.6458   34.7579  264.8274
2019  157.27019  450    0.6492   34.7587  264.9176
2019  157.27028  452    0.6544   34.7604  264.9920
2019  157.27038  454    0.6602   34.7629  264.9988
2019  157.27047  456    0.6669   34.7645  264.9453
2019  157.27056  458    0.6679   34.7654  264.9840
2019  157.27066  460    0.6771   34.7693  264.9755
2019  157.27074  462    0.6834   34.7719  264.9130
2019  157.27084  464    0.6908   34.7756  264.8026
2019  157.27094  466    0.6964   34.7785  264.7523
2019  157.27102  468    0.7008   34.7807  264.7635
2019  157.27112  470    0.7065   34.7829  264.8495
2019  157.27122  472    0.7109   34.7841  265.1039
2019  157.27130  474    0.7107   34.7846  265.4307
2019  157.27139  476    0.7110   34.7849  265.6010
2019  157.27149  478    0.7154   34.7866  265.7225
2019  157.27158  480    0.7213   34.7875  265.9029
2019  157.27167  482    0.7210   34.7880  266.2860
2019  157.27177  484    0.7202   34.7881  266.5454
2019  157.27186  486    0.7200   34.7881  266.6686
2019  157.27195  488    0.7200   34.7885  266.7367
2019  157.27205  490    0.7234   34.7893  266.7786
2019  157.27213  492    0.7284   34.7907  266.8504
2019  157.27223  494    0.7342   34.7919  266.9457
2019  157.27233  496    0.7380   34.7941  267.0854
2019  157.27242  498    0.7431   34.7962  267.1694
2019  157.27252  500    0.7475   34.7974  267.3227
2019  157.27260  502    0.7496   34.7979  267.5880
2019  157.27270  504    0.7501   34.7981  267.7316
2019  157.27280  506    0.7500   34.7982  267.8411
2019  157.27288  508    0.7486   34.7983  267.8517
2019  157.27298  510    0.7478   34.7983  267.8830
2019  157.27307  512    0.7491   34.7988  267.9091
2019  157.27316  514    0.7497   34.7988  267.9284
2019  157.27326  516    0.7500   34.7994  268.0049
2019  157.27335  518    0.7502   34.7994  268.0438
2019  157.27344  520    0.7497   34.7996  268.1133
2019  157.27354  522    0.7482   34.7996  268.1512
2019  157.27363  524    0.7463   34.7997  268.2381
2019  157.27372  526    0.7448   34.7997  268.2564
2019  157.27381  528    0.7434   34.7997  268.2580
2019  157.27391  530    0.7415   34.7996  268.2972
2019  157.27401  532    0.7390   34.7996  268.2632
2019  157.27410  534    0.7373   34.7994  268.2533
2019  157.27419  536    0.7358   34.7996  268.2337
2019  157.27429  538    0.7344   34.7995  268.2359
2019  157.27438  540    0.7327   34.7995  268.2757
2019  157.27446  542    0.7304   34.7994  268.2255
2019  157.27456  544    0.7285   34.7995  268.1542
2019  157.27466  546    0.7287   34.8004  268.0871
2019  157.27474  548    0.7296   34.8014  268.0347
2019  157.27484  550    0.7310   34.8031  267.9396
2019  157.27494  552    0.7306   34.8042  267.9877
2019  157.27502  554    0.7309   34.8054  268.0733
2019  157.27512  556    0.7319   34.8071  268.2134
2019  157.27522  558    0.7328   34.8075  268.4033
2019  157.27530  560    0.7328   34.8088  268.5756
2019  157.27540  562    0.7291   34.8091  268.7992
2019  157.27549  564    0.7289   34.8104  268.8912
2019  157.27557  566    0.7282   34.8108  269.0374
2019  157.27567  568    0.7265   34.8119  269.2266
2019  157.27577  570    0.7252   34.8132  269.4268
2019  157.27585  572    0.7230   34.8136  269.6384
2019  157.27595  574    0.7206   34.8145  269.8596
2019  157.27605  576    0.7177   34.8151  270.0626
2019  157.27613  578    0.7166   34.8157  270.2820
2019  157.27623  580    0.7124   34.8159  270.4863
2019  157.27633  582    0.7067   34.8160  270.6378
2019  157.27641  584    0.7012   34.8159  270.6393
2019  157.27649  586    0.6961   34.8159  270.6833
2019  157.27659  588    0.6917   34.8158  270.6677
2019  157.27669  590    0.6872   34.8157  270.5900
2019  157.27677  592    0.6830   34.8156  270.5212
2019  157.27687  594    0.6785   34.8155  270.4522
2019  157.27696  596    0.6718   34.8153  270.3644
2019  157.27705  598    0.6672   34.8155  270.3159
2019  157.27715  600    0.6650   34.8156  270.1892
2019  157.27724  602    0.6594   34.8158  270.2255
2019  157.27733  604    0.6542   34.8156  270.2821
2019  157.27742  606    0.6487   34.8155  270.2683
2019  157.27752  608    0.6438   34.8157  270.1998
2019  157.27760  610    0.6421   34.8157  270.1311
2019  157.27770  612    0.6391   34.8160  270.1510
2019  157.27780  614    0.6351   34.8162  270.2597
2019  157.27788  616    0.6302   34.8164  270.3110
2019  157.27798  618    0.6261   34.8165  270.3262
2019  157.27807  620    0.6225   34.8168  270.3254
2019  157.27816  622    0.6179   34.8171  270.3754
2019  157.27826  624    0.6146   34.8179  270.4291
2019  157.27835  626    0.6131   34.8177  270.5584
2019  157.27844  628    0.6130   34.8182  270.6469
2019  157.27854  630    0.6100   34.8185  270.8135
2019  157.27863  632    0.6066   34.8186  271.0261
2019  157.27872  634    0.6032   34.8186  271.1939
2019  157.27881  636    0.5993   34.8186  271.2490
2019  157.27891  638    0.5953   34.8187  271.2711
2019  157.27899  640    0.5928   34.8185  271.2646
2019  157.27909  642    0.5881   34.8185  271.2597
2019  157.27919  644    0.5835   34.8186  271.2720
2019  157.27927  646    0.5796   34.8185  271.2294
2019  157.27937  648    0.5750   34.8185  271.1709
2019  157.27946  650    0.5718   34.8184  271.1622
2019  157.27955  652    0.5676   34.8182  271.1323
2019  157.27965  654    0.5618   34.8184  271.0810
2019  157.27974  656    0.5577   34.8183  271.0015
2019  157.27983  658    0.5543   34.8182  270.9750
2019  157.27992  660    0.5506   34.8182  270.9276
2019  157.28002  662    0.5475   34.8182  270.8846
2019  157.28010  664    0.5433   34.8182  270.8400
2019  157.28020  666    0.5391   34.8185  270.8635
2019  157.28030  668    0.5356   34.8187  270.8121
2019  157.28038  670    0.5325   34.8190  270.8266
2019  157.28048  672    0.5302   34.8193  270.8287
2019  157.28057  674    0.5279   34.8197  270.8913
2019  157.28066  676    0.5264   34.8201  270.9385
2019  157.28076  678    0.5238   34.8204  271.1590
2019  157.28085  680    0.5202   34.8208  271.3118
2019  157.28094  682    0.5172   34.8211  271.4481
2019  157.28104  684    0.5145   34.8213  271.5670
2019  157.28113  686    0.5134   34.8217  271.6735
2019  157.28122  688    0.5101   34.8218  271.7711
2019  157.28131  690    0.5072   34.8220  271.9198
2019  157.28141  692    0.5029   34.8224  271.9718
2019  157.28149  694    0.4997   34.8227  271.9861
2019  157.28159  696    0.4967   34.8230  272.0071
2019  157.28169  698    0.4939   34.8232  272.0532
2019  157.28177  700    0.4919   34.8239  272.1707
2019  157.28187  702    0.4905   34.8242  272.2274
2019  157.28196  704    0.4873   34.8242  272.4596
2019  157.28206  706    0.4831   34.8246  272.5837
2019  157.28216  708    0.4808   34.8246  272.5628
2019  157.28224  710    0.4769   34.8248  272.5759
2019  157.28234  712    0.4732   34.8248  272.5805
2019  157.28244  714    0.4699   34.8252  272.4743
2019  157.28252  716    0.4682   34.8255  272.3581
2019  157.28262  718    0.4659   34.8257  272.3325
2019  157.28272  720    0.4636   34.8257  272.3203
2019  157.28281  722    0.4615   34.8258  272.2503
2019  157.28291  724    0.4592   34.8259  272.2111
2019  157.28299  726    0.4568   34.8258  272.1706
2019  157.28309  728    0.4536   34.8260  272.1732
2019  157.28319  730    0.4505   34.8263  272.2122
2019  157.28327  732    0.4485   34.8265  272.1852
2019  157.28337  734    0.4460   34.8267  272.2428
2019  157.28346  736    0.4428   34.8269  272.3277
2019  157.28355  738    0.4399   34.8273  272.3668
2019  157.28363  740    0.4369   34.8277  272.4542
2019  157.28373  742    0.4342   34.8276  272.5363
2019  157.28383  744    0.4306   34.8276  272.6177
2019  157.28391  746    0.4279   34.8278  272.6361
2019  157.28401  748    0.4255   34.8279  272.7065
2019  157.28410  750    0.4222   34.8282  272.7301
2019  157.28419  752    0.4198   34.8283  272.7860
2019  157.28429  754    0.4171   34.8284  272.8665
2019  157.28438  756    0.4141   34.8284  272.9489
2019  157.28446  758    0.4118   34.8287  273.0322
2019  157.28455  760    0.4066   34.8285  273.1478
%endofdat
