%ITP 110, profile 453: year day longitude(E+) latitude(N+) ndepths
2019  125.00141  -135.7121  73.7595  375 0
%year day pressure(dbar) temperature(C) salinity oxygen(umol/kg)
2019  125.03899    8   -1.4587   27.7563  361.2109
2019  125.03869   10   -1.4582   27.7563  361.2132
2019  125.03841   12   -1.4581   27.7565  361.2563
2019  125.03816   14   -1.4585   27.7564  361.2529
2019  125.03791   16   -1.4569   27.7566  361.2443
2019  125.03769   18   -1.4563   27.7567  361.2027
2019  125.03748   20   -1.4554   27.7569  361.2151
2019  125.03727   22   -1.4550   27.7570  361.1827
2019  125.03708   24   -1.4533   27.7572  361.1620
2019  125.03685   26   -1.4532   27.7573  361.1950
2019  125.03662   28   -1.4534   27.7574  361.1538
2019  125.03638   30   -1.4527   27.7577  361.1597
2019  125.03615   32   -1.4521   27.7581  361.1947
2019  125.03591   34   -1.4514   27.7587  361.1934
2019  125.03567   36   -1.4532   27.7599  361.1997
2019  125.03542   38   -1.4505   27.7624  361.2037
2019  125.03517   40   -1.4500   27.7688  360.9749
2019  125.03499   42   -1.4504   27.7815  359.8047
2019  125.03485   44   -1.3846   27.9154  357.9971
2019  125.03472   46   -0.8148   28.6629  353.6535
2019  125.03458   48   -0.5326   28.7874  352.3358
2019  125.03445   50   -0.4563   28.9101  352.8268
2019  125.03434   52   -0.3846   29.0541  353.2983
2019  125.03423   54   -0.3343   29.2340  353.0441
2019  125.03412   56   -0.3664   29.4398  352.3867
2019  125.03401   58   -0.3685   29.6646  350.9291
2019  125.03389   60   -0.3212   29.8571  349.0509
2019  125.03378   62   -0.2108   30.0518  346.2946
2019  125.03369   64   -0.1218   30.2452  343.7301
2019  125.03359   66    0.0215   30.4059  340.4794
2019  125.03348   68    0.0434   30.5530  336.2596
2019  125.03337   70    0.0622   30.6666  331.5093
2019  125.03326   72    0.1081   30.7990  326.3001
2019  125.03316   74    0.1367   30.8918  320.8429
2019  125.03306   76    0.0873   31.0096  315.8551
2019  125.03297   78    0.1045   31.1055  312.0549
2019  125.03287   80    0.1424   31.2019  309.3186
2019  125.03276   82    0.0956   31.2598  306.9903
2019  125.03266   84    0.0441   31.3110  304.9077
2019  125.03256   86    0.0702   31.3520  302.7954
2019  125.03247   88    0.0977   31.3996  300.5997
2019  125.03237   90    0.0892   31.4503  298.7109
2019  125.03227   92    0.0993   31.4983  296.9344
2019  125.03217   94    0.1302   31.5334  295.5309
2019  125.03208   96    0.1304   31.5725  294.5953
2019  125.03198   98    0.0761   31.6093  294.0040
2019  125.03187  100    0.0464   31.6363  293.1444
2019  125.03177  102   -0.0554   31.6824  292.1644
2019  125.03167  104   -0.1510   31.7184  291.2941
2019  125.03158  106   -0.2119   31.7574  290.2648
2019  125.03148  108   -0.2809   31.7905  289.2271
2019  125.03138  110   -0.3416   31.8224  287.9451
2019  125.03130  112   -0.4097   31.8531  286.8218
2019  125.03120  114   -0.4463   31.8815  285.5979
2019  125.03110  116   -0.4989   31.9124  284.2406
2019  125.03101  118   -0.5503   31.9392  282.9930
2019  125.03091  120   -0.5924   31.9640  281.7486
2019  125.03081  122   -0.6379   31.9889  280.5624
2019  125.03071  124   -0.6965   32.0165  279.5317
2019  125.03062  126   -0.7538   32.0394  278.4969
2019  125.03052  128   -0.8247   32.0669  277.4598
2019  125.03042  130   -0.8700   32.0876  276.2245
2019  125.03033  132   -0.9129   32.1133  275.0012
2019  125.03023  134   -0.9518   32.1438  273.8199
2019  125.03013  136   -0.9784   32.1666  272.6691
2019  125.03003  138   -0.9867   32.1868  271.9935
2019  125.02994  140   -1.0084   32.2153  271.3675
2019  125.02984  142   -1.0512   32.2366  270.6863
2019  125.02974  144   -1.0733   32.2575  269.9480
2019  125.02965  146   -1.0996   32.2851  268.8233
2019  125.02955  148   -1.1402   32.3115  267.7637
2019  125.02945  150   -1.1549   32.3374  266.9318
2019  125.02936  152   -1.1579   32.3602  265.9368
2019  125.02927  154   -1.1703   32.3778  264.6227
2019  125.02917  156   -1.1714   32.3960  263.8963
2019  125.02908  158   -1.1876   32.4252  262.9901
2019  125.02898  160   -1.2164   32.4479  261.7915
2019  125.02888  162   -1.2489   32.4744  260.0906
2019  125.02880  164   -1.2648   32.4954  258.6040
2019  125.02872  166   -1.2416   32.5141  257.6003
2019  125.02862  168   -1.2575   32.5359  257.0019
2019  125.02852  170   -1.2741   32.5541  256.5124
2019  125.02842  172   -1.2984   32.5752  256.1154
2019  125.02833  174   -1.3211   32.5976  256.1458
2019  125.02824  176   -1.3441   32.6200  256.4511
2019  125.02815  178   -1.3680   32.6423  256.5476
2019  125.02805  180   -1.3915   32.6690  256.0167
2019  125.02797  182   -1.4150   32.6967  255.6421
2019  125.02787  184   -1.4327   32.7236  255.5030
2019  125.02777  186   -1.4429   32.7480  255.3522
2019  125.02769  188   -1.4479   32.7673  255.2376
2019  125.02759  190   -1.4480   32.7885  255.0360
2019  125.02749  192   -1.4502   32.8081  254.8125
2019  125.02740  194   -1.4604   32.8286  254.6679
2019  125.02730  196   -1.4677   32.8510  254.4276
2019  125.02720  198   -1.4706   32.8720  254.2010
2019  125.02710  200   -1.4743   32.8907  254.0248
2019  125.02702  202   -1.4739   32.9115  253.7885
2019  125.02692  204   -1.4762   32.9355  253.5497
2019  125.02682  206   -1.4791   32.9575  253.3617
2019  125.02674  208   -1.4811   32.9784  253.2555
2019  125.02665  210   -1.4819   33.0037  253.1489
2019  125.02655  212   -1.4817   33.0342  253.0582
2019  125.02645  214   -1.4796   33.0620  252.9786
2019  125.02635  216   -1.4775   33.0873  252.8723
2019  125.02627  218   -1.4746   33.1143  252.8492
2019  125.02617  220   -1.4710   33.1387  252.7898
2019  125.02608  222   -1.4664   33.1634  252.7003
2019  125.02598  224   -1.4593   33.1912  252.4970
2019  125.02588  226   -1.4495   33.2227  252.2274
2019  125.02580  228   -1.4373   33.2539  251.8387
2019  125.02570  230   -1.4248   33.2836  251.2943
2019  125.02561  232   -1.4131   33.3078  250.6186
2019  125.02552  234   -1.3948   33.3438  249.8074
2019  125.02542  236   -1.3786   33.3733  248.8681
2019  125.02533  238   -1.3579   33.4092  247.7541
2019  125.02523  240   -1.3310   33.4497  246.7669
2019  125.02513  242   -1.3045   33.4978  245.8667
2019  125.02505  244   -1.2755   33.5439  244.9849
2019  125.02495  246   -1.2345   33.5997  244.1083
2019  125.02485  248   -1.1958   33.6554  243.5609
2019  125.02477  250   -1.1604   33.7073  243.1745
2019  125.02467  252   -1.1246   33.7588  243.0421
2019  125.02458  254   -1.0910   33.8026  243.0962
2019  125.02449  256   -1.0597   33.8451  243.4883
2019  125.02440  258   -1.0346   33.8776  244.1956
2019  125.02430  260   -1.0049   33.9178  245.2452
2019  125.02422  262   -0.9731   33.9536  246.3149
2019  125.02412  264   -0.9316   33.9877  247.4822
2019  125.02402  266   -0.8924   34.0267  248.4576
2019  125.02394  268   -0.8350   34.0653  248.9986
2019  125.02384  270   -0.7796   34.1028  249.3151
2019  125.02374  272   -0.7366   34.1373  249.5266
2019  125.02366  274   -0.7048   34.1630  250.0405
2019  125.02356  276   -0.6551   34.1885  250.3083
2019  125.02346  278   -0.6028   34.2138  250.2926
2019  125.02338  280   -0.5615   34.2372  250.2852
2019  125.02328  282   -0.5276   34.2592  250.3126
2019  125.02319  284   -0.4867   34.2801  250.3541
2019  125.02311  286   -0.4539   34.2972  250.4002
2019  125.02301  288   -0.4207   34.3138  250.3648
2019  125.02291  290   -0.3896   34.3292  250.3924
2019  125.02283  292   -0.3594   34.3441  250.3435
2019  125.02273  294   -0.3203   34.3613  250.2995
2019  125.02263  296   -0.2856   34.3780  250.3905
2019  125.02253  298   -0.2446   34.3951  250.3918
2019  125.02244  300   -0.2095   34.4109  250.5694
2019  125.02235  302   -0.1763   34.4213  250.7532
2019  125.02227  304   -0.1529   34.4297  250.9243
2019  125.02217  306   -0.1343   34.4423  251.1074
2019  125.02208  308   -0.1151   34.4474  251.4197
2019  125.02199  310   -0.0851   34.4591  251.7018
2019  125.02190  312   -0.0675   34.4677  252.0637
2019  125.02180  314   -0.0329   34.4794  252.3489
2019  125.02172  316   -0.0080   34.4942  252.6693
2019  125.02162  318    0.0136   34.4986  253.0490
2019  125.02152  320    0.0325   34.5090  253.5795
2019  125.02144  322    0.0517   34.5118  254.0258
2019  125.02135  324    0.0944   34.5323  254.2416
2019  125.02126  326    0.1012   34.5329  254.6304
2019  125.02116  328    0.1265   34.5475  254.9749
2019  125.02108  330    0.1277   34.5495  255.5787
2019  125.02098  332    0.1704   34.5609  255.7768
2019  125.02088  334    0.1885   34.5739  256.0366
2019  125.02080  336    0.1888   34.5755  256.5206
2019  125.02070  338    0.2156   34.5803  256.7921
2019  125.02061  340    0.2541   34.6009  256.7298
2019  125.02052  342    0.2542   34.6015  256.8430
2019  125.02042  344    0.2542   34.6025  257.0509
2019  125.02033  346    0.2544   34.6042  257.4233
2019  125.02024  348    0.2748   34.6092  257.6878
2019  125.02015  350    0.3204   34.6316  257.7636
2019  125.02005  352    0.3236   34.6361  258.0475
2019  125.01997  354    0.3482   34.6421  258.1489
2019  125.01987  356    0.3602   34.6522  258.1586
2019  125.01977  358    0.3602   34.6531  258.4067
2019  125.01969  360    0.3602   34.6544  258.7970
2019  125.01959  362    0.3709   34.6563  259.4305
2019  125.01949  364    0.4164   34.6771  259.9009
2019  125.01941  366    0.4371   34.6849  260.1429
2019  125.01931  368    0.4622   34.6968  260.0733
2019  125.01922  370    0.4624   34.6969  260.1393
2019  125.01913  372    0.4624   34.6972  260.2246
2019  125.01903  374    0.4624   34.6976  260.4108
2019  125.01894  376    0.4626   34.6983  260.7161
2019  125.01885  378    0.4631   34.6994  261.2310
2019  125.01876  380    0.4840   34.7058  261.7099
2019  125.01866  382    0.4994   34.7173  262.2365
2019  125.01858  384    0.5294   34.7262  262.2453
2019  125.01848  386    0.5355   34.7330  262.2411
2019  125.01838  388    0.5359   34.7330  262.2304
2019  125.01830  390    0.5359   34.7331  262.2206
2019  125.01820  392    0.5361   34.7332  262.3146
2019  125.01811  394    0.5362   34.7333  262.3267
2019  125.01802  396    0.5363   34.7335  262.4170
2019  125.01792  398    0.5364   34.7338  262.5118
2019  125.01783  400    0.5367   34.7343  262.7721
2019  125.01774  402    0.5371   34.7353  263.0834
2019  125.01764  404    0.5609   34.7379  263.2085
2019  125.01755  406    0.5787   34.7446  263.3019
2019  125.01747  408    0.5785   34.7451  263.5685
2019  125.01737  410    0.5792   34.7455  263.8499
2019  125.01727  412    0.5953   34.7483  263.8844
2019  125.01719  414    0.6010   34.7522  263.8618
2019  125.01710  416    0.6007   34.7525  263.8709
2019  125.01701  418    0.6010   34.7524  263.9227
2019  125.01691  420    0.6010   34.7526  263.9144
2019  125.01682  422    0.6012   34.7526  263.9073
2019  125.01673  424    0.6013   34.7527  263.8862
2019  125.01663  426    0.6015   34.7527  263.9113
2019  125.01655  428    0.6015   34.7531  263.8879
2019  125.01645  430    0.6015   34.7534  263.8812
2019  125.01635  432    0.6017   34.7537  263.8455
2019  125.01627  434    0.6019   34.7543  263.7408
2019  125.01619  436    0.6021   34.7554  263.6497
2019  125.01609  438    0.6225   34.7580  263.8104
2019  125.01599  440    0.6457   34.7678  264.1135
2019  125.01590  442    0.6599   34.7731  264.4503
2019  125.01580  444    0.6646   34.7762  264.8895
2019  125.01571  446    0.6648   34.7769  265.5178
2019  125.01563  448    0.6828   34.7787  265.6569
2019  125.01554  450    0.6936   34.7845  265.6290
2019  125.01544  452    0.6934   34.7845  265.6784
2019  125.01535  454    0.6931   34.7846  265.6863
2019  125.01526  456    0.6932   34.7847  265.6770
2019  125.01516  458    0.6933   34.7849  265.6888
2019  125.01508  460    0.6935   34.7848  265.6415
2019  125.01498  462    0.6936   34.7848  265.6194
2019  125.01488  464    0.6937   34.7850  265.5644
2019  125.01480  466    0.6938   34.7850  265.4364
2019  125.01470  468    0.6940   34.7031  265.5435
2019  125.01460  470    0.6941   34.6417  265.8004
2019  125.01452  472    0.6943   34.6411  265.9424
2019  125.01444  474    0.6965   34.6403  266.1283
2019  125.01434  476    0.7025   34.6403  266.2400
2019  125.01424  478    0.7130   34.6416  266.2866
2019  125.01416  480    0.7191   34.6401  266.2629
2019  125.01408  482    0.7268   34.6401  266.2213
2019  125.01398  484    0.7291   34.6407  266.1965
2019  125.01388  486    0.7280   34.6373  266.2023
2019  125.01380  488    0.7273   34.6323  266.1568
2019  125.01372  490    0.7265   34.6279  266.1821
2019  125.01362  492    0.7251   34.6246  266.1762
2019  125.01352  494    0.7239   34.6218  266.1858
2019  125.01344  496    0.7234   34.6191  266.1768
2019  125.01334  498    0.7229   34.6166  266.1334
2019  125.01324  500    0.7225   34.6144  266.1322
2019  125.01316  502    0.7219   34.6125  266.1149
2019  125.01307  504    0.7209   34.6101  266.1225
2019  125.01298  506    0.7202   34.6081  266.0534
2019  125.01288  508    0.7192   34.6054  266.0268
2019  125.01280  510    0.7182   34.6035  265.9567
2019  125.01270  512    0.7164   34.6012  265.9514
2019  125.01260  514    0.7137   34.5991  265.9999
2019  125.01252  516    0.7116   34.5967  266.0496
2019  125.01244  518    0.7105   34.5945  266.1249
2019  125.01234  520    0.7095   34.5923  266.3218
2019  125.01224  522    0.7104   34.5903  266.6739
2019  125.01216  524    0.7162   34.5911  267.0102
2019  125.01206  526    0.7212   34.6100  267.2543
2019  125.01196  528    0.7223   34.6481  267.3792
2019  125.01188  530    0.7238   34.6451  267.5487
2019  125.01180  532    0.7262   34.6547  267.6719
2019  125.01170  534    0.7257   34.6685  267.8782
2019  125.01160  536    0.7251   34.6734  268.3068
2019  125.01152  538    0.7268   34.6821  268.5901
2019  125.01142  540    0.7296   34.6866  268.7620
2019  125.01133  542    0.7304   34.6926  268.9539
2019  125.01124  544    0.7285   34.7001  269.1656
2019  125.01116  546    0.7285   34.7115  269.3081
2019  125.01106  548    0.7279   34.7517  269.2601
2019  125.01096  550    0.7270   34.8096  269.0418
2019  125.01088  552    0.7231   34.8099  268.9362
2019  125.01078  554    0.7188   34.8097  268.8103
2019  125.01069  556    0.7132   34.8097  268.6971
2019  125.01061  558    0.7065   34.8097  268.6083
2019  125.01051  560    0.6987   34.8095  268.4920
2019  125.01041  562    0.6940   34.8093  268.3386
2019  125.01033  564    0.6882   34.8097  268.1771
2019  125.01024  566    0.6820   34.8032  268.0451
2019  125.01014  568    0.6774   34.6256  268.3145
2019  125.01005  570    0.6729   34.6171  268.2795
2019  125.00997  572    0.6686   34.6059  268.2991
2019  125.00988  574    0.6648   34.5953  268.3274
2019  125.00979  576    0.6592   34.5953  268.3352
2019  125.00969  578    0.6518   34.6025  268.6243
2019  125.00960  580    0.6492   34.6104  268.8806
2019  125.00952  582    0.6470   34.6446  268.7835
2019  125.00942  584    0.6431   34.6997  268.6630
2019  125.00932  586    0.6391   34.7002  268.7731
2019  125.00924  588    0.6344   34.7102  268.8916
2019  125.00915  590    0.6296   34.7266  269.0117
2019  125.00905  592    0.6254   34.7999  268.9304
2019  125.00897  594    0.6208   34.8102  268.9519
2019  125.00888  596    0.6169   34.7801  268.9372
2019  125.00878  598    0.6138   34.7417  268.9711
2019  125.00869  600    0.6101   34.7317  268.9267
2019  125.00860  602    0.6054   34.7396  268.9320
2019  125.00852  604    0.6013   34.7835  268.8182
2019  125.00843  606    0.5966   34.8121  268.6248
2019  125.00833  608    0.5923   34.8120  268.5300
2019  125.00824  610    0.5871   34.8120  268.4545
2019  125.00816  612    0.5825   34.8120  268.3744
2019  125.00806  614    0.5778   34.7850  268.3320
2019  125.00797  616    0.5748   34.7721  268.2615
2019  125.00788  618    0.5705   34.7701  268.1572
2019  125.00780  620    0.5664   34.7669  268.0953
2019  125.00770  622    0.5613   34.7571  268.0847
2019  125.00760  624    0.5563   34.7466  268.1390
2019  125.00752  626    0.5512   34.7491  268.1869
2019  125.00744  628    0.5470   34.7988  268.0727
2019  125.00734  630    0.5435   34.8111  268.0799
2019  125.00724  632    0.5395   34.8111  268.2476
2019  125.00716  634    0.5351   34.8113  268.3848
2019  125.00708  636    0.5305   34.8118  268.5242
2019  125.00699  638    0.5265   34.8126  268.7731
2019  125.00690  640    0.5213   34.8127  269.0460
2019  125.00680  642    0.5212   34.7885  269.3994
2019  125.00672  644    0.5214   34.7725  269.6054
2019  125.00663  646    0.5216   34.8072  269.5886
2019  125.00655  648    0.5196   34.8147  269.6591
2019  125.00645  650    0.5170   34.8146  269.7242
2019  125.00635  652    0.5157   34.8154  269.7444
2019  125.00627  654    0.5130   34.8157  269.7592
2019  125.00619  656    0.5101   34.8159  269.8465
2019  125.00610  658    0.5073   34.8159  269.9632
2019  125.00601  660    0.5039   34.8164  270.0043
2019  125.00591  662    0.5018   34.8167  270.0931
2019  125.00583  664    0.5000   34.8168  270.1411
2019  125.00574  666    0.4987   34.8168  270.1887
2019  125.00566  668    0.4969   34.8175  270.1252
2019  125.00556  670    0.4941   34.8178  270.0141
2019  125.00547  672    0.4913   34.8187  269.9005
2019  125.00538  674    0.4879   34.8184  269.8424
2019  125.00530  676    0.4844   34.8184  269.8011
2019  125.00522  678    0.4813   34.8189  269.6666
2019  125.00513  680    0.4786   34.8189  269.5395
2019  125.00503  682    0.4766   34.8194  269.3750
2019  125.00494  684    0.4750   34.8197  269.2754
2019  125.00485  686    0.4723   34.8196  269.1663
2019  125.00477  688    0.4676   34.8197  269.1448
2019  125.00469  690    0.4633   34.8196  269.2284
2019  125.00459  692    0.4581   34.8196  269.2599
2019  125.00449  694    0.4552   34.8203  269.3008
2019  125.00441  696    0.4512   34.8202  269.4137
2019  125.00432  698    0.4491   34.8203  269.4815
2019  125.00424  700    0.4474   34.8209  269.5151
2019  125.00416  702    0.4437   34.8211  269.6090
2019  125.00406  704    0.4414   34.8211  269.6789
2019  125.00397  706    0.4397   34.8216  269.7208
2019  125.00388  708    0.4369   34.8218  269.7199
2019  125.00380  710    0.4347   34.8219  269.8000
2019  125.00372  712    0.4324   34.8218  269.9081
2019  125.00363  714    0.4297   34.8219  270.0179
2019  125.00354  716    0.4277   34.8224  270.0670
2019  125.00344  718    0.4258   34.8225  270.0648
2019  125.00335  720    0.4236   34.8225  270.1385
2019  125.00327  722    0.4210   34.8225  270.1685
2019  125.00319  724    0.4186   34.8229  270.1475
2019  125.00311  726    0.4166   34.8231  270.0944
2019  125.00301  728    0.4144   34.8232  270.0619
2019  125.00291  730    0.4116   34.8232  270.1486
2019  125.00283  732    0.4095   34.8232  270.1674
2019  125.00274  734    0.4070   34.8232  270.2274
2019  125.00266  736    0.4058   34.8231  270.2144
2019  125.00258  738    0.4041   34.8237  270.1884
2019  125.00248  740    0.4002   34.8236  270.2148
2019  125.00238  742    0.3973   34.8237  270.1560
2019  125.00230  744    0.3946   34.8241  270.0827
2019  125.00221  746    0.3912   34.8242  270.0950
2019  125.00213  748    0.3884   34.8243  270.0677
2019  125.00205  750    0.3854   34.8245  270.0909
2019  125.00195  752    0.3816   34.8249  270.0501
2019  125.00186  754    0.3781   34.8253  270.1030
2019  125.00179  756    0.3749   34.8254  270.0930
%endofdat
