%ITP 110, profile 549: year day longitude(E+) latitude(N+) ndepths
2019  173.00141  -142.6225  74.1765  375 0
%year day pressure(dbar) temperature(C) salinity oxygen(umol/kg)
2019  173.03731   12   -1.1550   27.8382  357.1938
2019  173.03690   14   -1.2419   27.8459  357.5616
2019  173.03669   16   -1.2638   27.8586  357.9341
2019  173.03651   18   -1.2652   27.8757  358.2261
2019  173.03635   20   -1.2689   27.8921  358.4137
2019  173.03623   22   -1.2761   27.9058  358.5590
2019  173.03612   24   -1.2793   27.9117  358.7859
2019  173.03601   26   -1.2732   27.9174  359.1222
2019  173.03590   28   -1.2739   27.9244  359.5366
2019  173.03580   30   -1.2872   27.9399  359.8380
2019  173.03570   32   -1.2961   27.9519  360.0922
2019  173.03559   34   -1.2681   27.9641  360.2153
2019  173.03548   36   -1.1814   27.9724  360.3056
2019  173.03537   38   -1.0667   27.9835  360.1387
2019  173.03526   40   -1.3620   28.0264  361.3632
2019  173.03514   42   -1.4005   28.0239  361.4833
2019  173.03505   44   -1.3576   28.0211  361.3031
2019  173.03495   46   -1.2045   28.0231  360.7148
2019  173.03485   48   -1.2178   28.0348  360.7932
2019  173.03476   50   -1.3878   28.0432  361.7877
2019  173.03465   52   -1.3781   28.0536  362.0274
2019  173.03455   54   -1.3135   28.0649  362.3123
2019  173.03445   56   -1.3315   28.1003  363.0231
2019  173.03434   58   -1.3133   28.1597  363.4756
2019  173.03423   60   -1.1437   28.4039  362.4010
2019  173.03413   62   -0.7384   28.9248  358.9024
2019  173.03403   64   -0.5431   29.1491  357.1291
2019  173.03394   66   -0.4083   29.3230  355.3861
2019  173.03384   68   -0.2998   29.5731  353.0797
2019  173.03373   70   -0.1743   29.7608  350.2607
2019  173.03363   72   -0.0678   29.8761  347.6885
2019  173.03354   74    0.0821   30.0006  345.8807
2019  173.03344   76    0.1172   30.1390  343.8920
2019  173.03334   78    0.0943   30.2627  341.3180
2019  173.03324   80   -0.0179   30.4133  337.9796
2019  173.03315   82   -0.0335   30.5451  334.0583
2019  173.03305   84   -0.0518   30.6917  329.9676
2019  173.03297   86   -0.0877   30.8227  325.9065
2019  173.03287   88   -0.0636   30.9156  322.2821
2019  173.03276   90    0.0005   31.0009  319.4528
2019  173.03266   92   -0.2180   31.0793  317.0838
2019  173.03256   94   -0.3096   31.1323  314.2920
2019  173.03245   96   -0.3434   31.1981  311.5776
2019  173.03235   98   -0.3216   31.2452  309.2537
2019  173.03226  100   -0.3996   31.3030  307.8836
2019  173.03216  102   -0.4715   31.3618  306.5444
2019  173.03206  104   -0.4446   31.4002  305.0531
2019  173.03196  106   -0.5094   31.4531  303.7664
2019  173.03187  108   -0.5657   31.5001  302.6024
2019  173.03176  110   -0.6188   31.5449  301.7860
2019  173.03166  112   -0.6316   31.5865  300.5993
2019  173.03157  114   -0.6299   31.6211  299.2064
2019  173.03147  116   -0.6570   31.6604  297.5283
2019  173.03138  118   -0.6561   31.6937  295.7115
2019  173.03128  120   -0.6817   31.7424  293.9472
2019  173.03119  122   -0.7421   31.7977  292.4159
2019  173.03109  124   -0.7951   31.8475  291.3838
2019  173.03099  126   -0.8437   31.8826  290.0797
2019  173.03091  128   -0.8947   31.9151  288.6479
2019  173.03081  130   -0.9167   31.9404  287.1427
2019  173.03071  132   -0.9604   31.9785  285.5495
2019  173.03062  134   -0.9888   32.0060  283.6353
2019  173.03052  136   -1.0107   32.0374  281.8928
2019  173.03044  138   -1.0267   32.0703  280.5002
2019  173.03034  140   -1.0446   32.1006  279.3303
2019  173.03024  142   -1.0682   32.1306  278.3142
2019  173.03014  144   -1.0869   32.1575  277.4442
2019  173.03005  146   -1.1017   32.1784  276.7271
2019  173.02997  148   -1.1392   32.2069  276.1202
2019  173.02987  150   -1.1677   32.2335  275.8383
2019  173.02977  152   -1.1784   32.2583  275.5605
2019  173.02967  154   -1.2232   32.2822  274.7878
2019  173.02958  156   -1.2328   32.2990  273.7832
2019  173.02949  158   -1.2468   32.3150  273.1283
2019  173.02940  160   -1.2545   32.3418  272.5608
2019  173.02930  162   -1.2717   32.3632  272.1554
2019  173.02920  164   -1.2825   32.3838  272.1609
2019  173.02910  166   -1.3001   32.4066  272.1853
2019  173.02902  168   -1.3225   32.4287  271.8726
2019  173.02892  170   -1.3395   32.4458  271.3200
2019  173.02883  172   -1.3400   32.4582  270.7169
2019  173.02873  174   -1.3418   32.4713  270.1783
2019  173.02863  176   -1.3496   32.4869  269.7269
2019  173.02854  178   -1.3555   32.5033  269.2426
2019  173.02844  180   -1.3645   32.5211  268.7091
2019  173.02835  182   -1.3736   32.5398  267.9434
2019  173.02826  184   -1.3804   32.5557  266.8909
2019  173.02816  186   -1.3853   32.5744  265.7085
2019  173.02806  188   -1.3918   32.5920  264.4252
2019  173.02797  190   -1.3980   32.6114  263.3537
2019  173.02788  192   -1.4046   32.6342  262.2993
2019  173.02778  194   -1.4118   32.6564  261.2388
2019  173.02769  196   -1.4186   32.6845  260.2534
2019  173.02759  198   -1.4248   32.7064  259.4097
2019  173.02749  200   -1.4282   32.7247  258.7078
2019  173.02741  202   -1.4311   32.7424  258.0510
2019  173.02731  204   -1.4358   32.7606  257.6398
2019  173.02721  206   -1.4421   32.7845  257.4856
2019  173.02713  208   -1.4448   32.8041  257.3190
2019  173.02703  210   -1.4484   32.8194  257.0430
2019  173.02694  212   -1.4476   32.8354  256.6039
2019  173.02684  214   -1.4493   32.8502  256.1687
2019  173.02674  216   -1.4510   32.8662  255.6718
2019  173.02666  218   -1.4536   32.8833  255.2725
2019  173.02656  220   -1.4587   32.9123  254.8399
2019  173.02647  222   -1.4595   32.9383  254.4797
2019  173.02637  224   -1.4583   32.9615  254.1095
2019  173.02627  226   -1.4596   32.9822  253.7590
2019  173.02619  228   -1.4594   33.0066  253.4198
2019  173.02609  230   -1.4596   33.0320  253.1248
2019  173.02599  232   -1.4608   33.0548  252.8291
2019  173.02591  234   -1.4589   33.0761  252.5047
2019  173.02581  236   -1.4493   33.0968  252.1188
2019  173.02571  238   -1.4379   33.1252  251.6308
2019  173.02563  240   -1.4211   33.1604  251.2087
2019  173.02554  242   -1.4119   33.2008  250.6881
2019  173.02544  244   -1.3874   33.2454  250.0813
2019  173.02534  246   -1.3673   33.2819  249.4977
2019  173.02524  248   -1.3445   33.3336  248.8586
2019  173.02516  250   -1.3249   33.3725  248.3236
2019  173.02506  252   -1.3040   33.4099  247.7187
2019  173.02497  254   -1.2834   33.4580  247.2218
2019  173.02487  256   -1.2662   33.4993  246.8967
2019  173.02477  258   -1.2464   33.5383  246.4604
2019  173.02469  260   -1.2336   33.5654  245.9212
2019  173.02459  262   -1.1958   33.6081  245.5215
2019  173.02449  264   -1.1594   33.6515  245.1452
2019  173.02441  266   -1.1266   33.6908  244.7525
2019  173.02431  268   -1.1047   33.7232  244.5530
2019  173.02422  270   -1.0546   33.7758  244.1436
2019  173.02413  272   -1.0113   33.8348  243.9569
2019  173.02403  274   -0.9823   33.8735  243.9681
2019  173.02394  276   -0.9418   33.9073  243.9867
2019  173.02385  278   -0.9037   33.9467  244.2781
2019  173.02376  280   -0.8606   33.9823  244.7798
2019  173.02366  282   -0.8226   34.0160  245.2160
2019  173.02358  284   -0.8208   34.0412  245.9404
2019  173.02349  286   -0.7780   34.0728  246.7484
2019  173.02340  288   -0.7308   34.1100  247.4977
2019  173.02330  290   -0.6944   34.1371  248.4699
2019  173.02321  292   -0.6576   34.1702  249.1579
2019  173.02313  294   -0.6222   34.1990  249.5758
2019  173.02304  296   -0.5819   34.2250  249.8891
2019  173.02294  298   -0.5499   34.2446  250.2258
2019  173.02285  300   -0.5216   34.2619  250.4415
2019  173.02277  302   -0.4907   34.2780  250.7354
2019  173.02269  304   -0.4566   34.2988  250.9623
2019  173.02259  306   -0.4228   34.3144  251.1962
2019  173.02249  308   -0.3863   34.3333  251.3693
2019  173.02241  310   -0.3552   34.3499  251.5306
2019  173.02233  312   -0.3277   34.3656  251.6928
2019  173.02223  314   -0.3056   34.3788  251.8335
2019  173.02213  316   -0.2727   34.3927  251.9938
2019  173.02205  318   -0.2352   34.4065  252.1065
2019  173.02195  320   -0.2035   34.4189  252.2227
2019  173.02186  322   -0.1796   34.4284  252.3156
2019  173.02177  324   -0.1540   34.4395  252.5223
2019  173.02169  326   -0.1316   34.4502  252.7674
2019  173.02159  328   -0.1182   34.4586  253.1325
2019  173.02149  330   -0.0920   34.4676  253.3087
2019  173.02141  332   -0.0759   34.4768  253.3525
2019  173.02131  334   -0.0631   34.4880  253.2271
2019  173.02122  336   -0.0336   34.4996  252.9842
2019  173.02113  338    0.0046   34.5117  252.6241
2019  173.02104  340    0.0254   34.5210  252.5827
2019  173.02094  342    0.0485   34.5296  252.7893
2019  173.02085  344    0.0707   34.5393  253.1766
2019  173.02077  346    0.0901   34.5472  253.6051
2019  173.02067  348    0.1095   34.5550  254.3573
2019  173.02057  350    0.1269   34.5635  255.0402
2019  173.02049  352    0.1473   34.5717  255.1761
2019  173.02040  354    0.1712   34.5810  255.2640
2019  173.02030  356    0.1903   34.5887  255.2038
2019  173.02022  358    0.2058   34.5956  255.1757
2019  173.02012  360    0.2279   34.6049  255.1875
2019  173.02002  362    0.2452   34.6121  255.2532
2019  173.01994  364    0.2609   34.6191  255.8493
2019  173.01985  366    0.2817   34.6270  256.5571
2019  173.01976  368    0.3045   34.6345  256.6847
2019  173.01966  370    0.3228   34.6410  256.9503
2019  173.01958  372    0.3378   34.6474  257.0354
2019  173.01949  374    0.3524   34.6537  257.0969
2019  173.01940  376    0.3635   34.6594  257.6086
2019  173.01930  378    0.3838   34.6661  257.8786
2019  173.01922  380    0.4053   34.6757  258.1523
2019  173.01913  382    0.4199   34.6818  258.4363
2019  173.01903  384    0.4344   34.6883  258.7756
2019  173.01894  386    0.4493   34.6944  259.1107
2019  173.01885  388    0.4658   34.6996  258.9807
2019  173.01876  390    0.4751   34.7034  258.9966
2019  173.01866  392    0.4830   34.7067  259.1391
2019  173.01858  394    0.4920   34.7103  259.3038
2019  173.01848  396    0.5031   34.7144  259.6534
2019  173.01838  398    0.5146   34.7189  260.0317
2019  173.01830  400    0.5244   34.7217  260.6960
2019  173.01821  402    0.5401   34.7267  261.1577
2019  173.01812  404    0.5533   34.7312  261.5360
2019  173.01802  406    0.5668   34.7363  262.0093
2019  173.01794  408    0.5751   34.7395  262.1839
2019  173.01784  410    0.5805   34.7419  262.0407
2019  173.01774  412    0.5804   34.7423  261.9333
2019  173.01766  414    0.5834   34.7428  262.0863
2019  173.01758  416    0.5923   34.7455  262.4750
2019  173.01748  418    0.6016   34.7482  262.6948
2019  173.01738  420    0.6056   34.7504  262.9050
2019  173.01730  422    0.6092   34.7507  263.1361
2019  173.01720  424    0.6174   34.7534  263.2139
2019  173.01710  426    0.6187   34.7542  263.3640
2019  173.01702  428    0.6218   34.7553  263.5680
2019  173.01692  430    0.6264   34.7566  263.6892
2019  173.01682  432    0.6293   34.7581  263.8028
2019  173.01674  434    0.6321   34.7583  263.8713
2019  173.01665  436    0.6364   34.7601  263.8859
2019  173.01655  438    0.6332   34.7606  263.8358
2019  173.01647  440    0.6340   34.7612  263.6400
2019  173.01637  442    0.6391   34.7617  263.6122
2019  173.01627  444    0.6493   34.7646  263.6804
2019  173.01619  446    0.6576   34.7665  263.7109
2019  173.01609  448    0.6619   34.7686  263.7295
2019  173.01599  450    0.6677   34.7700  263.7411
2019  173.01591  452    0.6750   34.7728  263.9172
2019  173.01583  454    0.6785   34.7751  264.1014
2019  173.01573  456    0.6850   34.7774  264.4006
2019  173.01563  458    0.6888   34.7799  264.8510
2019  173.01555  460    0.6968   34.7829  265.2502
2019  173.01547  462    0.7032   34.7859  265.4315
2019  173.01537  464    0.7077   34.7871  265.6969
2019  173.01527  466    0.7081   34.7874  265.9855
2019  173.01519  468    0.7120   34.7883  266.1454
2019  173.01509  470    0.7155   34.7902  266.1119
2019  173.01499  472    0.7155   34.7901  266.1238
2019  173.01491  474    0.7155   34.7901  266.0951
2019  173.01483  476    0.7155   34.7901  266.1416
2019  173.01473  478    0.7152   34.7905  266.1507
2019  173.01463  480    0.7138   34.7906  266.1637
2019  173.01455  482    0.7162   34.7919  266.1357
2019  173.01446  484    0.7126   34.7920  266.1870
2019  173.01437  486    0.7225   34.7930  266.2300
2019  173.01427  488    0.7274   34.7951  266.4233
2019  173.01419  490    0.7289   34.7961  266.7274
2019  173.01410  492    0.7319   34.7977  266.9160
2019  173.01401  494    0.7357   34.7992  267.0138
2019  173.01391  496    0.7359   34.7993  267.1532
2019  173.01383  498    0.7374   34.7996  267.2318
2019  173.01373  500    0.7397   34.8002  267.3052
2019  173.01363  502    0.7374   34.8002  267.3760
2019  173.01355  504    0.7400   34.8005  267.3348
2019  173.01345  506    0.7387   34.8007  267.3245
2019  173.01335  508    0.7374   34.8007  267.3120
2019  173.01327  510    0.7360   34.8006  267.3529
2019  173.01317  512    0.7344   34.8005  267.2787
2019  173.01307  514    0.7323   34.8005  267.2959
2019  173.01299  516    0.7302   34.8005  267.2585
2019  173.01291  518    0.7281   34.8003  267.2062
2019  173.01281  520    0.7263   34.8004  267.1585
2019  173.01272  522    0.7248   34.8003  267.1416
2019  173.01263  524    0.7231   34.8004  267.0539
2019  173.01255  526    0.7220   34.8003  267.0104
2019  173.01245  528    0.7210   34.8002  266.9010
2019  173.01235  530    0.7194   34.8001  266.7658
2019  173.01227  532    0.7173   34.8001  266.6958
2019  173.01219  534    0.7152   34.8002  266.5860
2019  173.01209  536    0.7132   34.8003  266.5647
2019  173.01199  538    0.7133   34.8013  266.6845
2019  173.01191  540    0.7126   34.8025  266.9416
2019  173.01182  542    0.7124   34.8034  267.2410
2019  173.01173  544    0.7145   34.8049  267.5475
2019  173.01163  546    0.7166   34.8066  267.8484
2019  173.01155  548    0.7181   34.8070  268.1818
2019  173.01147  550    0.7209   34.8086  268.2804
2019  173.01137  552    0.7225   34.8103  268.4063
2019  173.01127  554    0.7219   34.8103  268.5168
2019  173.01119  556    0.7188   34.8105  268.9222
2019  173.01110  558    0.7186   34.8112  269.2259
2019  173.01101  560    0.7172   34.8129  269.3752
2019  173.01091  562    0.7184   34.8140  269.6021
2019  173.01083  564    0.7178   34.8143  269.8620
2019  173.01074  566    0.7171   34.8145  270.1416
2019  173.01066  568    0.7179   34.8159  270.1928
2019  173.01056  570    0.7186   34.8169  270.1279
2019  173.01047  572    0.7176   34.8166  270.0353
2019  173.01038  574    0.7130   34.8167  269.9451
2019  173.01030  576    0.7066   34.8166  269.8243
2019  173.01020  578    0.7018   34.8163  269.7538
2019  173.01010  580    0.6978   34.8162  269.6431
2019  173.01002  582    0.6939   34.8160  269.5814
2019  173.00994  584    0.6896   34.8158  269.5345
2019  173.00985  586    0.6844   34.8157  269.5319
2019  173.00976  588    0.6776   34.8158  269.5692
2019  173.00966  590    0.6723   34.8157  269.6081
2019  173.00958  592    0.6685   34.8159  269.6453
2019  173.00949  594    0.6649   34.8162  269.6313
2019  173.00941  596    0.6619   34.8162  269.5643
2019  173.00931  598    0.6592   34.8159  269.4984
2019  173.00922  600    0.6561   34.8158  269.4443
2019  173.00913  602    0.6522   34.8158  269.4841
2019  173.00905  604    0.6453   34.8158  269.6177
2019  173.00897  606    0.6416   34.8159  269.7498
2019  173.00887  608    0.6388   34.8166  269.8452
2019  173.00877  610    0.6347   34.8168  269.9297
2019  173.00869  612    0.6311   34.8168  270.0283
2019  173.00860  614    0.6278   34.8175  270.1420
2019  173.00851  616    0.6239   34.8176  270.3141
2019  173.00841  618    0.6204   34.8181  270.4133
2019  173.00833  620    0.6178   34.8183  270.5682
2019  173.00824  622    0.6153   34.8187  270.5193
2019  173.00816  624    0.6126   34.8190  270.4413
2019  173.00807  626    0.6090   34.8191  270.4175
2019  173.00798  628    0.6052   34.8190  270.3574
2019  173.00788  630    0.6012   34.8190  270.2957
2019  173.00780  632    0.5963   34.8188  270.2168
2019  173.00772  634    0.5919   34.8188  270.1852
2019  173.00763  636    0.5868   34.8187  270.0950
2019  173.00753  638    0.5823   34.8186  270.0843
2019  173.00744  640    0.5765   34.8187  270.0388
2019  173.00735  642    0.5725   34.8185  269.9631
2019  173.00727  644    0.5684   34.8185  269.8870
2019  173.00719  646    0.5639   34.8185  269.8707
2019  173.00709  648    0.5589   34.8186  269.8609
2019  173.00699  650    0.5546   34.8184  269.8450
2019  173.00691  652    0.5517   34.8184  269.7996
2019  173.00682  654    0.5489   34.8184  269.8233
2019  173.00674  656    0.5451   34.8185  269.8781
2019  173.00666  658    0.5413   34.8184  269.9031
2019  173.00656  660    0.5387   34.8185  270.0561
2019  173.00647  662    0.5357   34.8188  270.1776
2019  173.00638  664    0.5313   34.8194  270.3927
2019  173.00630  666    0.5286   34.8197  270.5739
2019  173.00622  668    0.5266   34.8203  270.7407
2019  173.00612  670    0.5246   34.8206  270.8468
2019  173.00602  672    0.5226   34.8209  270.9022
2019  173.00594  674    0.5197   34.8214  270.9812
2019  173.00585  676    0.5174   34.8217  271.0760
2019  173.00577  678    0.5147   34.8222  271.0381
2019  173.00569  680    0.5107   34.8225  271.0328
2019  173.00559  682    0.5069   34.8224  271.1152
2019  173.00549  684    0.5030   34.8229  271.1918
2019  173.00541  686    0.5001   34.8232  271.2481
2019  173.00533  688    0.4972   34.8233  271.3583
2019  173.00524  690    0.4949   34.8238  271.4108
2019  173.00516  692    0.4933   34.8238  271.4412
2019  173.00506  694    0.4908   34.8242  271.4537
2019  173.00497  696    0.4883   34.8245  271.3648
2019  173.00488  698    0.4847   34.8249  271.3390
2019  173.00480  700    0.4801   34.8251  271.2631
2019  173.00471  702    0.4760   34.8255  271.2041
2019  173.00463  704    0.4738   34.8256  271.2002
2019  173.00453  706    0.4715   34.8258  271.1508
2019  173.00444  708    0.4691   34.8260  271.1215
2019  173.00436  710    0.4673   34.8262  271.0584
2019  173.00427  712    0.4648   34.8263  271.0807
2019  173.00419  714    0.4621   34.8263  271.0881
2019  173.00410  716    0.4590   34.8264  271.1858
2019  173.00402  718    0.4567   34.8267  271.2783
2019  173.00392  720    0.4544   34.8267  271.3721
2019  173.00383  722    0.4523   34.8269  271.3796
2019  173.00374  724    0.4496   34.8274  271.4348
2019  173.00366  726    0.4459   34.8274  271.5072
2019  173.00358  728    0.4433   34.8277  271.5744
2019  173.00349  730    0.4409   34.8276  271.6222
2019  173.00341  732    0.4390   34.8280  271.6789
2019  173.00331  734    0.4358   34.8281  271.7135
2019  173.00321  736    0.4339   34.8283  271.7548
2019  173.00313  738    0.4311   34.8284  271.8118
2019  173.00305  740    0.4287   34.8283  271.9054
2019  173.00297  742    0.4267   34.8285  271.9435
2019  173.00288  744    0.4242   34.8288  272.0087
2019  173.00280  746    0.4209   34.8289  272.0772
2019  173.00270  748    0.4195   34.8290  272.0947
2019  173.00260  750    0.4168   34.8293  272.1133
2019  173.00252  752    0.4154   34.8295  272.0547
2019  173.00244  754    0.4120   34.8297  272.0519
2019  173.00235  756    0.4097   34.8296  272.0337
2019  173.00227  758    0.4060   34.8300  272.0383
2019  173.00219  760    0.4025   34.8297  272.0684
%endofdat
