%ITP 110, profile 209: year day longitude(E+) latitude(N+) ndepths
2019    3.00142  -136.3539  75.0595  377 0
%year day pressure(dbar) temperature(C) salinity oxygen(umol/kg)
2019    3.03560    8   -1.5345   27.9461  357.7719
2019    3.03549   10   -1.5344   27.9462  357.8037
2019    3.03539   12   -1.5345   27.9466  357.7976
2019    3.03530   14   -1.5343   27.9468  357.8129
2019    3.03519   16   -1.5343   27.9472  357.8454
2019    3.03509   18   -1.5343   27.9478  357.8739
2019    3.03499   20   -1.5342   27.9482  357.8669
2019    3.03489   22   -1.5342   27.9489  357.8872
2019    3.03480   24   -1.5341   27.9499  357.9533
2019    3.03470   26   -1.5340   27.9514  357.9689
2019    3.03460   28   -1.5334   27.9540  357.9889
2019    3.03449   30   -1.5337   27.9567  358.0495
2019    3.03439   32   -1.5333   27.9613  358.0605
2019    3.03430   34   -1.5329   27.9686  358.2649
2019    3.03420   36   -1.5012   28.0235  359.0274
2019    3.03410   38   -1.4008   28.1829  360.0210
2019    3.03400   40   -1.2266   28.4972  360.3683
2019    3.03391   42   -0.8916   28.9599  358.3220
2019    3.03380   44   -0.6899   29.2229  356.4249
2019    3.03370   46   -0.5737   29.3971  354.5066
2019    3.03361   48   -0.4730   29.5916  352.2630
2019    3.03352   50   -0.3771   29.7458  349.6382
2019    3.03342   52   -0.2559   29.9473  346.2014
2019    3.03332   54   -0.1074   30.1370  342.1811
2019    3.03323   56   -0.0090   30.2532  337.2478
2019    3.03314   58    0.0439   30.3935  331.9699
2019    3.03305   60    0.0833   30.5337  326.9150
2019    3.03295   62    0.0789   30.6395  322.1350
2019    3.03287   64    0.0879   30.7264  317.9626
2019    3.03277   66    0.0582   30.8344  315.5636
2019    3.03267   68    0.0677   30.9042  313.0561
2019    3.03259   70    0.1203   30.9669  309.7005
2019    3.03249   72    0.1601   31.0641  306.1741
2019    3.03239   74    0.1386   31.1362  303.5060
2019    3.03231   76    0.1619   31.2046  301.2812
2019    3.03221   78    0.2260   31.2813  299.3129
2019    3.03211   80    0.2605   31.3250  298.1422
2019    3.03203   82    0.1421   31.3692  297.5560
2019    3.03194   84    0.0901   31.4106  296.9358
2019    3.03184   86    0.0546   31.4422  296.4821
2019    3.03176   88    0.0830   31.4835  295.0622
2019    3.03166   90   -0.0097   31.5200  294.5767
2019    3.03156   92    0.1007   31.5537  293.2140
2019    3.03148   94    0.1284   31.5686  292.3055
2019    3.03138   96    0.1091   31.5962  291.4129
2019    3.03128   98   -0.1719   31.6239  290.7124
2019    3.03119  100   -0.4766   31.6586  290.9802
2019    3.03109  102   -0.5102   31.6835  290.4257
2019    3.03100  104   -0.4841   31.7024  288.4604
2019    3.03092  106   -0.7333   31.7345  288.1784
2019    3.03082  108   -0.7912   31.7779  287.0302
2019    3.03073  110   -0.8303   31.8095  285.9560
2019    3.03063  112   -0.8724   31.8341  284.7464
2019    3.03053  114   -0.8845   31.8509  282.9715
2019    3.03045  116   -0.9301   31.8712  281.1721
2019    3.03035  118   -0.8962   31.8997  279.0199
2019    3.03025  120   -0.9360   31.9283  277.1245
2019    3.03017  122   -0.9995   31.9612  275.3166
2019    3.03008  124   -0.9652   31.9940  273.6312
2019    3.02998  126   -0.9273   32.0231  272.4561
2019    3.02989  128   -0.9581   32.0501  271.6612
2019    3.02981  130   -0.9779   32.0669  270.7010
2019    3.02971  132   -1.0119   32.0890  269.8354
2019    3.02961  134   -1.0332   32.1134  268.7552
2019    3.02953  136   -1.0652   32.1341  267.7996
2019    3.02944  138   -1.0797   32.1547  266.7476
2019    3.02934  140   -1.1022   32.1783  265.8434
2019    3.02926  142   -1.1237   32.1997  265.2067
2019    3.02916  144   -1.1400   32.2180  264.6051
2019    3.02906  146   -1.1559   32.2379  264.0508
2019    3.02898  148   -1.1844   32.2603  263.2382
2019    3.02889  150   -1.2219   32.2856  262.4031
2019    3.02880  152   -1.2418   32.3076  261.5164
2019    3.02870  154   -1.2611   32.3344  260.6603
2019    3.02861  156   -1.2729   32.3513  259.7893
2019    3.02852  158   -1.2821   32.3702  258.8695
2019    3.02842  160   -1.2980   32.3891  258.3404
2019    3.02834  162   -1.3128   32.4096  258.2676
2019    3.02826  164   -1.3336   32.4296  258.6671
2019    3.02816  166   -1.3629   32.4504  259.0708
2019    3.02806  168   -1.3907   32.4728  259.3016
2019    3.02798  170   -1.4085   32.4909  259.3394
2019    3.02788  172   -1.4309   32.5078  259.2535
2019    3.02778  174   -1.4505   32.5276  259.0634
2019    3.02770  176   -1.4657   32.5516  258.7928
2019    3.02762  178   -1.4761   32.5757  258.5054
2019    3.02752  180   -1.4806   32.5962  258.2751
2019    3.02742  182   -1.4831   32.6154  258.0017
2019    3.02734  184   -1.4835   32.6301  257.8306
2019    3.02725  186   -1.4829   32.6493  257.6151
2019    3.02716  188   -1.4851   32.6716  257.4867
2019    3.02706  190   -1.4869   32.6894  257.3511
2019    3.02698  192   -1.4894   32.7031  257.1707
2019    3.02688  194   -1.4930   32.7224  256.9524
2019    3.02678  196   -1.4952   32.7425  256.7040
2019    3.02670  198   -1.4993   32.7680  256.4428
2019    3.02662  200   -1.5026   32.7953  256.1190
2019    3.02652  202   -1.5033   32.8183  255.8439
2019    3.02642  204   -1.5023   32.8406  255.6530
2019    3.02634  206   -1.4999   32.8618  255.5568
2019    3.02625  208   -1.4961   32.8829  255.4831
2019    3.02616  210   -1.4912   32.9048  255.5157
2019    3.02606  212   -1.4844   32.9318  255.4550
2019    3.02598  214   -1.4791   32.9621  255.2385
2019    3.02588  216   -1.4729   32.9956  254.8452
2019    3.02578  218   -1.4666   33.0255  254.3466
2019    3.02570  220   -1.4516   33.0672  253.9061
2019    3.02560  222   -1.4320   33.1148  253.4344
2019    3.02551  224   -1.4088   33.1570  252.9144
2019    3.02542  226   -1.3920   33.1884  252.1251
2019    3.02534  228   -1.3771   33.2181  251.2304
2019    3.02524  230   -1.3521   33.2590  250.2917
2019    3.02514  232   -1.3240   33.3071  249.3543
2019    3.02506  234   -1.3007   33.3514  248.5214
2019    3.02496  236   -1.2744   33.3902  247.7553
2019    3.02486  238   -1.2336   33.4403  247.1383
2019    3.02478  240   -1.1950   33.4968  246.6714
2019    3.02468  242   -1.1718   33.5445  246.4735
2019    3.02459  244   -1.1202   33.5979  246.4024
2019    3.02451  246   -1.0827   33.6460  246.4231
2019    3.02442  248   -1.0502   33.6894  246.8573
2019    3.02432  250   -1.0210   33.7306  247.4357
2019    3.02423  252   -0.9882   33.7736  248.2045
2019    3.02414  254   -0.9551   33.8155  249.0542
2019    3.02406  256   -0.9207   33.8584  249.9117
2019    3.02396  258   -0.8868   33.8930  250.7484
2019    3.02387  260   -0.8339   33.9320  251.4352
2019    3.02378  262   -0.7776   33.9611  251.8294
2019    3.02369  264   -0.7074   33.9915  252.0429
2019    3.02359  266   -0.6784   34.0122  252.3929
2019    3.02350  268   -0.6419   34.0358  252.7977
2019    3.02342  270   -0.5924   34.0621  253.1342
2019    3.02332  272   -0.5574   34.0847  253.3225
2019    3.02323  274   -0.5232   34.1086  253.2527
2019    3.02314  276   -0.4792   34.1275  253.0694
2019    3.02306  278   -0.4481   34.1439  253.0062
2019    3.02296  280   -0.4231   34.1571  253.0012
2019    3.02287  282   -0.3916   34.1729  252.8541
2019    3.02278  284   -0.3677   34.1840  252.7747
2019    3.02270  286   -0.3419   34.1987  252.7685
2019    3.02260  288   -0.3111   34.2114  252.6865
2019    3.02250  290   -0.2717   34.2269  252.6439
2019    3.02242  292   -0.2551   34.2344  252.6268
2019    3.02234  294   -0.2374   34.2434  252.7626
2019    3.02224  296   -0.2085   34.2544  252.8655
2019    3.02215  298   -0.1816   34.2652  253.0192
2019    3.02206  300   -0.1484   34.2775  253.2168
2019    3.02198  302   -0.1179   34.2890  253.4845
2019    3.02188  304   -0.0903   34.3012  253.9255
2019    3.02178  306   -0.0530   34.3138  254.4515
2019    3.02170  308   -0.0067   34.3256  254.8305
2019    3.02162  310    0.0137   34.3326  255.2469
2019    3.02152  312    0.0357   34.3414  255.5793
2019    3.02142  314    0.0538   34.3510  255.9202
2019    3.02134  316    0.0846   34.3651  256.0750
2019    3.02125  318    0.0926   34.3686  256.3405
2019    3.02117  320    0.1168   34.3795  256.4735
2019    3.02107  322    0.1182   34.3812  256.9526
2019    3.02098  324    0.1590   34.3980  257.1147
2019    3.02090  326    0.1786   34.4066  257.2980
2019    3.02081  328    0.1790   34.4087  257.7158
2019    3.02071  330    0.2104   34.4196  258.0993
2019    3.02062  332    0.2386   34.4296  258.1350
2019    3.02053  334    0.2508   34.4341  258.1609
2019    3.02045  336    0.2509   34.4348  258.2631
2019    3.02035  338    0.2511   34.4362  258.4946
2019    3.02025  340    0.2701   34.4446  258.7277
2019    3.02017  342    0.2974   34.4572  258.9619
2019    3.02009  344    0.3212   34.4682  259.3645
2019    3.01999  346    0.3339   34.4735  259.7580
2019    3.01989  348    0.3652   34.4849  259.9182
2019    3.01981  350    0.3653   34.4857  260.3673
2019    3.01973  352    0.3667   34.4876  261.1922
2019    3.01965  354    0.3955   34.4986  261.7854
2019    3.01955  356    0.4242   34.5089  262.0471
2019    3.01945  358    0.4509   34.5181  262.2901
2019    3.01937  360    0.4527   34.5192  262.6778
2019    3.01928  362    0.4807   34.5303  262.6621
2019    3.01920  364    0.4811   34.5306  262.8180
2019    3.01910  366    0.4820   34.5311  263.0050
2019    3.01900  368    0.4822   34.5322  263.5237
2019    3.01892  370    0.4963   34.5370  264.1080
2019    3.01884  372    0.5288   34.5489  264.4751
2019    3.01874  374    0.5314   34.5511  264.9761
2019    3.01864  376    0.5756   34.5639  264.9861
2019    3.01856  378    0.5873   34.5683  264.9275
2019    3.01848  380    0.5877   34.5684  264.9740
2019    3.01840  382    0.5880   34.5684  265.0702
2019    3.01830  384    0.5879   34.5684  265.1008
2019    3.01820  386    0.5866   34.5685  265.1994
2019    3.01812  388    0.5855   34.5687  265.3769
2019    3.01803  390    0.5838   34.5689  265.6416
2019    3.01795  392    0.5813   34.5696  266.0515
2019    3.01785  394    0.5913   34.5729  266.3484
2019    3.01775  396    0.6152   34.5799  266.4565
2019    3.01767  398    0.6152   34.5803  266.8199
2019    3.01759  400    0.6256   34.5831  267.0984
2019    3.01750  402    0.6463   34.5889  267.0923
2019    3.01741  404    0.6476   34.5898  267.0753
2019    3.01731  406    0.6476   34.5897  267.1102
2019    3.01723  408    0.6478   34.5896  267.1198
2019    3.01715  410    0.6479   34.5894  267.1545
2019    3.01706  412    0.6439   34.5894  267.1654
2019    3.01696  414    0.6407   34.5893  267.1982
2019    3.01687  416    0.6401   34.5894  267.2104
2019    3.01678  418    0.6400   34.5894  267.2377
2019    3.01670  420    0.6400   34.5895  267.2337
2019    3.01662  422    0.6400   34.5896  267.2444
2019    3.01652  424    0.6400   34.5898  267.2848
2019    3.01642  426    0.6402   34.5900  267.3398
2019    3.01634  428    0.6404   34.5902  267.3721
2019    3.01625  430    0.6404   34.5912  267.4909
2019    3.01617  432    0.6411   34.5927  267.6563
2019    3.01609  434    0.6735   34.5999  267.8212
2019    3.01599  436    0.6945   34.6082  267.9409
2019    3.01590  438    0.7101   34.6128  268.1646
2019    3.01581  440    0.7193   34.6141  268.4471
2019    3.01573  442    0.7293   34.6161  268.5888
2019    3.01564  444    0.7346   34.6185  268.5841
2019    3.01555  446    0.7347   34.6184  268.7034
2019    3.01545  448    0.7368   34.6184  268.7859
2019    3.01537  450    0.7357   34.6189  268.8125
2019    3.01528  452    0.7328   34.6190  268.9232
2019    3.01520  454    0.7294   34.6193  269.0520
2019    3.01510  456    0.7292   34.6198  269.1269
2019    3.01500  458    0.7322   34.6207  269.2548
2019    3.01492  460    0.7486   34.6234  269.2451
2019    3.01484  462    0.7519   34.6242  269.2103
2019    3.01475  464    0.7520   34.6242  269.2556
2019    3.01466  466    0.7496   34.6240  269.2759
2019    3.01456  468    0.7478   34.6239  269.3211
2019    3.01448  470    0.7470   34.6240  269.3313
2019    3.01439  472    0.7466   34.6240  269.3379
2019    3.01431  474    0.7468   34.6241  269.3264
2019    3.01423  476    0.7473   34.6245  269.3114
2019    3.01413  478    0.7518   34.6249  269.3592
2019    3.01403  480    0.7536   34.6254  269.3745
2019    3.01395  482    0.7607   34.6269  269.4262
2019    3.01387  484    0.7645   34.6274  269.4419
2019    3.01378  486    0.7628   34.6273  269.5082
2019    3.01370  488    0.7638   34.6275  269.5502
2019    3.01360  490    0.7634   34.6275  269.5792
2019    3.01350  492    0.7627   34.6273  269.5451
2019    3.01342  494    0.7608   34.6275  269.5644
2019    3.01334  496    0.7599   34.6273  269.5734
2019    3.01326  498    0.7598   34.6272  269.5811
2019    3.01316  500    0.7590   34.6272  269.6085
2019    3.01306  502    0.7572   34.6273  269.5869
2019    3.01298  504    0.7563   34.6271  269.6211
2019    3.01289  506    0.7547   34.6272  269.6281
2019    3.01281  508    0.7532   34.6269  269.6382
2019    3.01273  510    0.7508   34.6269  269.6697
2019    3.01263  512    0.7486   34.6271  269.7856
2019    3.01253  514    0.7466   34.6272  269.9999
2019    3.01245  516    0.7456   34.6273  270.2870
2019    3.01236  518    0.7536   34.6295  270.5182
2019    3.01228  520    0.7562   34.6310  270.8539
2019    3.01220  522    0.7606   34.6331  271.0023
2019    3.01210  524    0.7624   34.6350  271.1759
2019    3.01201  526    0.7634   34.6360  271.3115
2019    3.01192  528    0.7633   34.6372  271.5215
2019    3.01184  530    0.7633   34.6376  271.7991
2019    3.01176  532    0.7632   34.6381  272.0339
2019    3.01167  534    0.7651   34.6397  272.1300
2019    3.01157  536    0.7651   34.6403  272.1918
2019    3.01148  538    0.7626   34.6404  272.2855
2019    3.01139  540    0.7605   34.6412  272.2495
2019    3.01131  542    0.7592   34.6419  272.1809
2019    3.01123  544    0.7564   34.6421  272.1616
2019    3.01114  546    0.7517   34.6421  272.0613
2019    3.01105  548    0.7480   34.6421  272.0462
2019    3.01095  550    0.7439   34.6419  271.9378
2019    3.01086  552    0.7380   34.6418  271.8081
2019    3.01078  554    0.7306   34.6416  271.7538
2019    3.01070  556    0.7241   34.6413  271.7717
2019    3.01060  558    0.7164   34.6414  271.8614
2019    3.01051  560    0.7114   34.6414  271.9892
2019    3.01042  562    0.7090   34.6421  272.0113
2019    3.01034  564    0.7088   34.6424  271.9978
2019    3.01025  566    0.7029   34.6425  271.9907
2019    3.01017  568    0.6976   34.6422  272.0380
2019    3.01008  570    0.6954   34.6423  272.1101
2019    3.00998  572    0.6915   34.6422  272.1102
2019    3.00989  574    0.6868   34.6427  272.1201
2019    3.00981  576    0.6821   34.6426  272.0686
2019    3.00973  578    0.6764   34.6425  272.0501
2019    3.00965  580    0.6692   34.6422  272.1129
2019    3.00956  582    0.6644   34.6421  272.2327
2019    3.00946  584    0.6597   34.6424  272.3359
2019    3.00937  586    0.6552   34.6430  272.3591
2019    3.00928  588    0.6516   34.6432  272.4538
2019    3.00920  590    0.6489   34.6430  272.5252
2019    3.00912  592    0.6462   34.6433  272.5366
2019    3.00903  594    0.6425   34.6435  272.5237
2019    3.00894  596    0.6374   34.6436  272.4213
2019    3.00884  598    0.6315   34.6437  272.3864
2019    3.00875  600    0.6273   34.6436  272.2924
2019    3.00867  602    0.6238   34.6435  272.2352
2019    3.00859  604    0.6181   34.6434  272.1801
2019    3.00850  606    0.6145   34.6433  272.0658
2019    3.00842  608    0.6069   34.6433  272.0287
2019    3.00832  610    0.6015   34.6432  271.9620
2019    3.00823  612    0.5951   34.6431  271.9059
2019    3.00814  614    0.5902   34.6430  271.8946
2019    3.00806  616    0.5866   34.6429  271.8511
2019    3.00798  618    0.5823   34.6431  271.8863
2019    3.00789  620    0.5788   34.6431  271.8953
2019    3.00780  622    0.5745   34.6427  271.8582
2019    3.00770  624    0.5724   34.6429  271.8991
2019    3.00762  626    0.5677   34.6429  272.0426
2019    3.00753  628    0.5637   34.6427  272.1652
2019    3.00745  630    0.5602   34.6429  272.4013
2019    3.00736  632    0.5560   34.6435  272.6798
2019    3.00728  634    0.5529   34.6437  272.9119
2019    3.00718  636    0.5473   34.6445  273.0830
2019    3.00709  638    0.5460   34.6451  273.1753
2019    3.00701  640    0.5437   34.6455  273.1817
2019    3.00692  642    0.5406   34.6456  273.1873
2019    3.00684  644    0.5354   34.6459  273.2305
2019    3.00676  646    0.5311   34.6462  273.2631
2019    3.00667  648    0.5269   34.6466  273.2852
2019    3.00657  650    0.5218   34.6466  273.3360
2019    3.00648  652    0.5186   34.6467  273.4223
2019    3.00639  654    0.5155   34.6467  273.5385
2019    3.00631  656    0.5122   34.6472  273.6160
2019    3.00623  658    0.5089   34.6476  273.6832
2019    3.00614  660    0.5053   34.6481  273.6936
2019    3.00606  662    0.5037   34.6485  273.6239
2019    3.00598  664    0.4992   34.6489  273.5848
2019    3.00590  666    0.4945   34.6489  273.5649
2019    3.00580  668    0.4921   34.6492  273.6115
2019    3.00570  670    0.4905   34.6493  273.6435
2019    3.00562  672    0.4893   34.6494  273.5553
2019    3.00553  674    0.4865   34.6497  273.4475
2019    3.00545  676    0.4831   34.6498  273.2780
2019    3.00537  678    0.4808   34.6500  273.2082
2019    3.00528  680    0.4770   34.6504  273.2112
2019    3.00520  682    0.4731   34.6504  273.2153
2019    3.00512  684    0.4699   34.6505  273.3083
2019    3.00502  686    0.4670   34.6507  273.3974
2019    3.00492  688    0.4649   34.6508  273.5398
2019    3.00484  690    0.4622   34.6511  273.5571
2019    3.00475  692    0.4595   34.6514  273.5756
2019    3.00467  694    0.4570   34.6515  273.6000
2019    3.00459  696    0.4545   34.6515  273.6716
2019    3.00451  698    0.4517   34.6518  273.7145
2019    3.00442  700    0.4492   34.6517  273.6681
2019    3.00434  702    0.4465   34.6520  273.7420
2019    3.00426  704    0.4436   34.6523  273.7702
2019    3.00416  706    0.4400   34.6525  273.8079
2019    3.00406  708    0.4363   34.6524  273.8785
2019    3.00398  710    0.4329   34.6528  273.9735
2019    3.00389  712    0.4300   34.6530  274.0501
2019    3.00381  714    0.4269   34.6531  274.0879
2019    3.00373  716    0.4244   34.6533  274.1526
2019    3.00364  718    0.4219   34.6532  274.1489
2019    3.00356  720    0.4189   34.6537  274.1345
2019    3.00348  722    0.4166   34.6537  274.0462
2019    3.00340  724    0.4145   34.6540  274.0044
2019    3.00331  726    0.4127   34.6541  274.0397
2019    3.00323  728    0.4100   34.6543  274.0909
2019    3.00314  730    0.4074   34.6544  274.1242
2019    3.00306  732    0.4046   34.6543  274.2156
2019    3.00296  734    0.4028   34.6544  274.2359
2019    3.00287  736    0.4006   34.6545  274.2111
2019    3.00278  738    0.3974   34.6549  274.2258
2019    3.00270  740    0.3940   34.6549  274.2106
2019    3.00262  742    0.3915   34.6552  274.2273
2019    3.00253  744    0.3886   34.6554  274.2556
2019    3.00245  746    0.3850   34.6554  274.2350
2019    3.00236  748    0.3817   34.6554  274.2347
2019    3.00228  750    0.3784   34.6557  274.2312
2019    3.00220  752    0.3750   34.6559  274.2253
2019    3.00211  754    0.3718   34.6559  274.2479
2019    3.00203  756    0.3689   34.6564  274.3386
2019    3.00195  758    0.3659   34.6565  274.3988
2019    3.00187  760    0.3622   34.6566  274.4384
%endofdat
