%ITP 110, profile 367: year day longitude(E+) latitude(N+) ndepths
2019   82.00141  -133.9104  75.1079  375 0
%year day pressure(dbar) temperature(C) salinity oxygen(umol/kg)
2019   82.03708    8   -1.5377   28.2169  362.4923
2019   82.03677   10   -1.5377   28.2173  362.5279
2019   82.03658   12   -1.5376   28.2171  362.4881
2019   82.03638   14   -1.5376   28.2171  362.3973
2019   82.03623   16   -1.5375   28.2171  362.3916
2019   82.03606   18   -1.5374   28.2173  362.3291
2019   82.03585   20   -1.5374   28.2177  362.3423
2019   82.03567   22   -1.5374   28.2183  362.3921
2019   82.03555   24   -1.5373   28.2190  362.3588
2019   82.03544   26   -1.5373   28.2198  362.3773
2019   82.03534   28   -1.5373   28.2210  362.3828
2019   82.03524   30   -1.5374   28.2227  362.3908
2019   82.03512   32   -1.5373   28.2258  362.3845
2019   82.03499   34   -1.5374   28.2307  362.4691
2019   82.03488   36   -1.5373   28.2381  362.4013
2019   82.03477   38   -1.5366   28.2512  362.2462
2019   82.03466   40   -1.4113   28.4409  361.2526
2019   82.03456   42   -0.9020   29.2519  356.6186
2019   82.03446   44   -0.5776   29.5128  353.0986
2019   82.03437   46   -0.4743   29.7301  349.4950
2019   82.03427   48   -0.3493   29.9639  344.1271
2019   82.03417   50   -0.2730   30.1909  338.0777
2019   82.03408   52   -0.3973   30.3367  334.1439
2019   82.03396   54   -0.3717   30.4519  329.7288
2019   82.03387   56   -0.2974   30.5778  324.6478
2019   82.03377   58   -0.2393   30.6943  319.6836
2019   82.03367   60   -0.0978   30.8773  314.9041
2019   82.03358   62   -0.0376   31.0133  311.0070
2019   82.03348   64    0.0013   31.1329  307.9790
2019   82.03340   66   -0.0721   31.2288  306.0425
2019   82.03330   68   -0.1062   31.3004  304.1186
2019   82.03320   70   -0.1166   31.3550  302.4738
2019   82.03310   72   -0.0681   31.4027  300.9839
2019   82.03301   74   -0.0233   31.4485  299.6874
2019   82.03291   76   -0.0417   31.5146  298.9167
2019   82.03281   78   -0.1261   31.5276  298.4414
2019   82.03271   80   -0.1654   31.5789  297.4816
2019   82.03262   82   -0.2516   31.5989  296.6403
2019   82.03253   84   -0.2846   31.6251  295.5461
2019   82.03244   86   -0.2787   31.6570  294.3286
2019   82.03234   88   -0.2808   31.7070  293.1578
2019   82.03224   90   -0.2941   31.7404  292.0016
2019   82.03213   92   -0.3093   31.7730  290.9104
2019   82.03203   94   -0.3345   31.8120  289.7834
2019   82.03195   96   -0.4118   31.8476  288.8110
2019   82.03185   98   -0.4601   31.8646  287.5664
2019   82.03174  100   -0.5274   31.9043  286.1907
2019   82.03165  102   -0.6021   31.9330  284.9556
2019   82.03155  104   -0.6418   31.9569  283.6025
2019   82.03145  106   -0.6542   31.9784  282.1444
2019   82.03137  108   -0.7428   32.0156  280.6324
2019   82.03127  110   -0.8234   32.0410  278.9291
2019   82.03117  112   -0.8350   32.0692  277.2190
2019   82.03109  114   -0.8921   32.1039  275.7010
2019   82.03099  116   -0.9182   32.1270  274.2820
2019   82.03090  118   -0.9513   32.1569  272.8729
2019   82.03081  120   -0.9674   32.1850  271.8074
2019   82.03071  122   -0.9866   32.2106  270.7246
2019   82.03062  124   -1.0136   32.2364  269.6651
2019   82.03052  126   -1.0264   32.2602  268.4756
2019   82.03042  128   -1.0413   32.2831  267.2979
2019   82.03034  130   -1.0676   32.3139  266.3220
2019   82.03024  132   -1.0852   32.3377  265.3815
2019   82.03015  134   -1.1096   32.3628  264.4824
2019   82.03006  136   -1.1321   32.3827  263.6523
2019   82.02997  138   -1.1445   32.4040  262.8693
2019   82.02987  140   -1.1470   32.4275  262.0134
2019   82.02977  142   -1.1767   32.4523  261.2009
2019   82.02967  144   -1.1897   32.4689  260.3414
2019   82.02959  146   -1.2021   32.4913  259.7677
2019   82.02949  148   -1.2270   32.5130  258.9366
2019   82.02939  150   -1.2639   32.5356  257.8322
2019   82.02930  152   -1.2926   32.5676  256.9617
2019   82.02920  154   -1.3019   32.5885  256.8200
2019   82.02912  156   -1.3221   32.6049  257.1995
2019   82.02902  158   -1.3490   32.6200  257.6573
2019   82.02892  160   -1.3609   32.6374  257.7316
2019   82.02884  162   -1.3789   32.6615  257.7601
2019   82.02874  164   -1.4018   32.6825  257.6936
2019   82.02865  166   -1.4277   32.7038  257.6022
2019   82.02855  168   -1.4524   32.7249  257.5246
2019   82.02845  170   -1.4690   32.7482  257.2505
2019   82.02835  172   -1.4757   32.7679  257.0231
2019   82.02826  174   -1.4766   32.7894  256.9144
2019   82.02816  176   -1.4792   32.8115  256.8110
2019   82.02806  178   -1.4851   32.8304  256.6756
2019   82.02797  180   -1.4869   32.8425  256.5084
2019   82.02787  182   -1.4866   32.8599  256.2289
2019   82.02777  184   -1.4911   32.8792  255.9322
2019   82.02767  186   -1.4931   32.8998  255.5615
2019   82.02758  188   -1.4895   32.9216  255.2333
2019   82.02747  190   -1.4846   32.9450  254.9137
2019   82.02737  192   -1.4853   32.9685  254.5106
2019   82.02727  194   -1.4871   32.9913  254.1692
2019   82.02717  196   -1.4890   33.0220  253.8657
2019   82.02708  198   -1.4847   33.0492  253.5939
2019   82.02698  200   -1.4822   33.0746  253.0721
2019   82.02688  202   -1.4799   33.1005  252.4229
2019   82.02679  204   -1.4750   33.1298  251.7011
2019   82.02670  206   -1.4581   33.1636  251.1025
2019   82.02660  208   -1.4477   33.1951  250.3876
2019   82.02651  210   -1.4277   33.2302  249.8166
2019   82.02642  212   -1.4092   33.2708  249.4680
2019   82.02634  214   -1.3933   33.3089  249.1217
2019   82.02624  216   -1.3772   33.3465  248.6396
2019   82.02615  218   -1.3581   33.3936  247.8311
2019   82.02605  220   -1.3280   33.4463  247.1265
2019   82.02595  222   -1.2991   33.4936  246.5427
2019   82.02587  224   -1.2749   33.5433  245.7269
2019   82.02577  226   -1.2443   33.5890  244.8880
2019   82.02568  228   -1.2099   33.6408  244.1629
2019   82.02559  230   -1.1828   33.6832  243.4936
2019   82.02549  232   -1.1488   33.7234  243.5976
2019   82.02540  234   -1.0972   33.7724  244.5146
2019   82.02531  236   -1.0830   33.8202  244.8837
2019   82.02521  238   -1.0611   33.8533  245.2985
2019   82.02512  240   -1.0287   33.8948  245.8520
2019   82.02503  242   -0.9860   33.9505  246.3539
2019   82.02495  244   -0.9593   33.9916  246.9462
2019   82.02486  246   -0.9271   34.0168  247.4947
2019   82.02476  248   -0.8756   34.0526  247.6121
2019   82.02466  250   -0.8370   34.0882  247.1706
2019   82.02456  252   -0.8000   34.1072  245.9606
2019   82.02448  254   -0.7622   34.1293  243.6216
2019   82.02438  256   -0.7155   34.1520  240.6486
2019   82.02429  258   -0.6439   34.1727  239.5573
2019   82.02419  260   -0.5874   34.2064  240.0426
2019   82.02409  262   -0.5821   34.2227  239.6881
2019   82.02401  264   -0.5245   34.2318  239.5665
2019   82.02391  266   -0.4728   34.2591  239.7114
2019   82.02381  268   -0.4407   34.2791  240.1263
2019   82.02372  270   -0.4077   34.2959  240.8019
2019   82.02362  272   -0.3769   34.3167  241.3133
2019   82.02352  274   -0.3412   34.3336  242.3933
2019   82.02342  276   -0.3099   34.3513  243.8396
2019   82.02333  278   -0.2833   34.3656  244.1170
2019   82.02321  280   -0.2567   34.3807  244.2825
2019   82.02312  282   -0.2367   34.3925  244.1951
2019   82.02302  284   -0.2135   34.4041  244.3204
2019   82.02292  286   -0.1888   34.4161  244.7642
2019   82.02283  288   -0.1634   34.4301  245.7715
2019   82.02273  290   -0.1427   34.4417  247.5323
2019   82.02263  292   -0.1201   34.4519  248.8347
2019   82.02253  294   -0.0977   34.4613  249.7485
2019   82.02244  296   -0.0735   34.4731  250.4276
2019   82.02233  298   -0.0485   34.4865  250.6408
2019   82.02223  300   -0.0246   34.4949  251.6116
2019   82.02213  302   -0.0041   34.5086  251.9889
2019   82.02203  304    0.0161   34.5179  251.8734
2019   82.02194  306    0.0324   34.5249  251.9277
2019   82.02184  308    0.0593   34.5389  251.7927
2019   82.02174  310    0.0722   34.5458  252.0407
2019   82.02165  312    0.0922   34.5546  252.6381
2019   82.02155  314    0.1092   34.5619  252.9864
2019   82.02145  316    0.1412   34.5704  254.4136
2019   82.02135  318    0.1674   34.5874  253.8002
2019   82.02126  320    0.1744   34.5891  254.2703
2019   82.02117  322    0.2008   34.5995  255.8218
2019   82.02108  324    0.2234   34.6103  255.9612
2019   82.02098  326    0.2298   34.6171  254.6672
2019   82.02090  328    0.2284   34.6183  253.5220
2019   82.02080  330    0.2353   34.6195  253.8621
2019   82.02070  332    0.2602   34.6311  254.5659
2019   82.02062  334    0.2850   34.6398  255.4164
2019   82.02052  336    0.3090   34.6505  256.4240
2019   82.02042  338    0.3392   34.6601  256.8751
2019   82.02034  340    0.3464   34.6681  255.9005
2019   82.02024  342    0.3443   34.6689  254.2043
2019   82.02015  344    0.3417   34.6693  253.4492
2019   82.02006  346    0.3605   34.6751  255.0026
2019   82.01998  348    0.3875   34.6844  256.4377
2019   82.01988  350    0.4103   34.6957  256.7139
2019   82.01978  352    0.4185   34.6991  258.2851
2019   82.01970  354    0.4259   34.7053  259.1945
2019   82.01960  356    0.4417   34.7105  258.2347
2019   82.01951  358    0.4400   34.7127  256.7704
2019   82.01943  360    0.4394   34.7126  255.8575
2019   82.01933  362    0.4462   34.7167  257.0665
2019   82.01923  364    0.4601   34.7220  257.4317
2019   82.01915  366    0.4721   34.7279  257.1217
2019   82.01907  368    0.4827   34.7324  258.5251
2019   82.01896  370    0.4954   34.7367  260.7744
2019   82.01887  372    0.5131   34.7422  262.2193
2019   82.01878  374    0.5219   34.7474  262.2062
2019   82.01869  376    0.5217   34.7476  262.1665
2019   82.01859  378    0.5217   34.7478  262.1148
2019   82.01851  380    0.5230   34.7475  261.8424
2019   82.01842  382    0.5268   34.7489  261.2480
2019   82.01833  384    0.5270   34.7494  260.6345
2019   82.01823  386    0.5319   34.7494  260.8268
2019   82.01814  388    0.5424   34.7545  261.5092
2019   82.01805  390    0.5489   34.7565  262.3345
2019   82.01795  392    0.5603   34.7593  262.6167
2019   82.01787  394    0.5628   34.7624  262.7255
2019   82.01777  396    0.5613   34.7627  262.9034
2019   82.01767  398    0.5653   34.7626  263.7721
2019   82.01759  400    0.5781   34.7672  264.2517
2019   82.01751  402    0.5819   34.7692  264.4043
2019   82.01741  404    0.5825   34.7695  264.6004
2019   82.01731  406    0.5860   34.7697  264.6967
2019   82.01723  408    0.5957   34.7697  264.5068
2019   82.01715  410    0.5983   34.7714  264.1106
2019   82.01705  412    0.5970   34.7716  263.4102
2019   82.01695  414    0.5958   34.7716  262.2270
2019   82.01687  416    0.5935   34.7724  260.7893
2019   82.01677  418    0.5885   34.7728  260.5321
2019   82.01667  420    0.5966   34.7753  261.2635
2019   82.01659  422    0.6105   34.7782  261.5257
2019   82.01651  424    0.6190   34.7843  262.1046
2019   82.01641  426    0.6254   34.7850  263.0683
2019   82.01631  428    0.6402   34.7879  263.7921
2019   82.01623  430    0.6558   34.7924  264.0832
2019   82.01615  432    0.6572   34.7932  264.5957
2019   82.01605  434    0.6640   34.7966  265.4306
2019   82.01595  436    0.6702   34.7964  266.3727
2019   82.01587  438    0.6821   34.7990  266.9513
2019   82.01577  440    0.6955   34.8019  266.9589
2019   82.01568  442    0.6966   34.8027  266.8320
2019   82.01559  444    0.6966   34.8027  266.7103
2019   82.01551  446    0.6961   34.8030  266.5530
2019   82.01541  448    0.6935   34.8029  266.4207
2019   82.01531  450    0.6917   34.8029  266.3712
2019   82.01523  452    0.6889   34.8031  266.4402
2019   82.01515  454    0.6882   34.8031  266.4560
2019   82.01505  456    0.6956   34.8025  266.3739
2019   82.01495  458    0.6991   34.8044  266.3100
2019   82.01487  460    0.6934   34.8050  266.4977
2019   82.01478  462    0.6896   34.8049  266.9911
2019   82.01469  464    0.6955   34.8046  267.6502
2019   82.01459  466    0.7173   34.8062  267.7641
2019   82.01451  468    0.7259   34.8100  267.6459
2019   82.01443  470    0.7259   34.8099  267.5419
2019   82.01433  472    0.7259   34.8094  267.3251
2019   82.01423  474    0.7239   34.8100  267.0615
2019   82.01415  476    0.7143   34.8099  266.9323
2019   82.01406  478    0.7070   34.8094  266.7885
2019   82.01396  480    0.7016   34.8088  266.6540
2019   82.01387  482    0.6987   34.8086  266.5166
2019   82.01378  484    0.6948   34.8087  266.3389
2019   82.01370  486    0.6910   34.8081  266.0788
2019   82.01361  488    0.6890   34.8079  265.6253
2019   82.01351  490    0.6858   34.8077  265.0196
2019   82.01342  492    0.6769   34.8080  264.4307
2019   82.01334  494    0.6677   34.8081  264.0426
2019   82.01324  496    0.6546   34.8083  263.8193
2019   82.01314  498    0.6478   34.8071  263.9072
2019   82.01306  500    0.6492   34.8083  264.2198
2019   82.01298  502    0.6462   34.8091  264.8626
2019   82.01288  504    0.6492   34.8077  266.0010
2019   82.01279  506    0.6622   34.8118  267.3663
2019   82.01270  508    0.6777   34.8103  268.2082
2019   82.01262  510    0.7021   34.8160  268.2314
2019   82.01253  512    0.7084   34.8195  268.2304
2019   82.01244  514    0.6994   34.8207  268.5199
2019   82.01234  516    0.6942   34.8197  269.1472
2019   82.01226  518    0.6983   34.8190  269.7588
2019   82.01217  520    0.7143   34.8221  270.0110
2019   82.01208  522    0.7178   34.8234  270.1908
2019   82.01198  524    0.7183   34.8247  270.5684
2019   82.01189  526    0.7171   34.8235  270.9225
2019   82.01181  528    0.7313   34.8264  270.8270
2019   82.01173  530    0.7306   34.8268  270.6521
2019   82.01163  532    0.7276   34.8272  270.4209
2019   82.01154  534    0.7151   34.8285  270.3028
2019   82.01145  536    0.6983   34.8268  270.3577
2019   82.01137  538    0.6936   34.8274  270.4731
2019   82.01128  540    0.6880   34.8262  270.5919
2019   82.01119  542    0.6926   34.8271  270.5603
2019   82.01109  544    0.6887   34.8272  270.6042
2019   82.01101  546    0.6850   34.8275  270.6315
2019   82.01092  548    0.6795   34.8274  270.7291
2019   82.01083  550    0.6752   34.8271  270.9132
2019   82.01073  552    0.6741   34.8277  270.8827
2019   82.01064  554    0.6709   34.8283  270.8051
2019   82.01056  556    0.6652   34.8283  270.7199
2019   82.01048  558    0.6611   34.8278  270.6092
2019   82.01038  560    0.6571   34.8279  270.4066
2019   82.01029  562    0.6517   34.8277  270.2735
2019   82.01020  564    0.6459   34.8277  270.0848
2019   82.01012  566    0.6382   34.8272  269.9705
2019   82.01003  568    0.6315   34.8271  269.9335
2019   82.00994  570    0.6214   34.8267  269.9907
2019   82.00984  572    0.6184   34.8270  269.9191
2019   82.00976  574    0.6173   34.8269  269.7952
2019   82.00967  576    0.6116   34.8270  269.5503
2019   82.00958  578    0.6084   34.8265  269.2201
2019   82.00948  580    0.5974   34.8278  268.9061
2019   82.00939  582    0.5842   34.8274  268.8195
2019   82.00931  584    0.5759   34.8266  268.8363
2019   82.00923  586    0.5670   34.8262  269.0539
2019   82.00913  588    0.5638   34.8265  269.1345
2019   82.00904  590    0.5613   34.8266  269.0311
2019   82.00895  592    0.5586   34.8269  268.9996
2019   82.00887  594    0.5538   34.8269  268.9838
2019   82.00878  596    0.5508   34.8265  268.8938
2019   82.00869  598    0.5481   34.8271  268.8382
2019   82.00859  600    0.5423   34.8265  268.8332
2019   82.00851  602    0.5369   34.8271  268.9776
2019   82.00842  604    0.5309   34.8267  269.4063
2019   82.00834  606    0.5330   34.8262  269.6129
2019   82.00824  608    0.5332   34.8274  269.7912
2019   82.00814  610    0.5294   34.8272  270.0171
2019   82.00806  612    0.5288   34.8276  270.1558
2019   82.00798  614    0.5279   34.8284  270.2035
2019   82.00790  616    0.5254   34.8293  270.3325
2019   82.00781  618    0.5191   34.8297  270.5641
2019   82.00771  620    0.5165   34.8298  270.5309
2019   82.00762  622    0.5150   34.8304  270.4732
2019   82.00753  624    0.5120   34.8305  270.5028
2019   82.00745  626    0.5073   34.8301  270.5720
2019   82.00737  628    0.5053   34.8315  270.6966
2019   82.00727  630    0.5006   34.8308  270.8541
2019   82.00717  632    0.4981   34.8318  271.0250
2019   82.00709  634    0.4951   34.8322  271.3957
2019   82.00701  636    0.4945   34.8313  271.7279
2019   82.00693  638    0.4983   34.8329  271.9385
2019   82.00684  640    0.4951   34.8333  272.2878
2019   82.00674  642    0.4992   34.8329  272.3273
2019   82.00665  644    0.5004   34.8340  272.1556
2019   82.00656  646    0.4990   34.8349  272.0586
2019   82.00648  648    0.4918   34.8352  272.0865
2019   82.00640  650    0.4889   34.8349  271.9798
2019   82.00631  652    0.4855   34.8355  271.8361
2019   82.00623  654    0.4839   34.8357  271.5846
2019   82.00613  656    0.4814   34.8362  271.4636
2019   82.00603  658    0.4774   34.8362  271.4360
2019   82.00595  660    0.4738   34.8363  271.5232
2019   82.00587  662    0.4696   34.8361  271.7006
2019   82.00578  664    0.4671   34.8362  271.7554
2019   82.00570  666    0.4653   34.8366  271.7723
2019   82.00560  668    0.4620   34.8367  271.9703
2019   82.00551  670    0.4593   34.8366  272.0313
2019   82.00542  672    0.4579   34.8371  272.0290
2019   82.00534  674    0.4552   34.8374  272.1638
2019   82.00526  676    0.4532   34.8372  272.2799
2019   82.00517  678    0.4521   34.8376  272.2502
2019   82.00509  680    0.4503   34.8377  272.2358
2019   82.00499  682    0.4473   34.8381  272.2324
2019   82.00490  684    0.4443   34.8382  272.2567
2019   82.00481  686    0.4419   34.8382  272.2869
2019   82.00473  688    0.4394   34.8383  272.3107
2019   82.00465  690    0.4370   34.8385  272.3389
2019   82.00456  692    0.4337   34.8385  272.4656
2019   82.00448  694    0.4309   34.8388  272.5543
2019   82.00439  696    0.4292   34.8385  272.5888
2019   82.00430  698    0.4279   34.8387  272.4698
2019   82.00420  700    0.4246   34.8392  272.2809
2019   82.00412  702    0.4216   34.8393  272.2362
2019   82.00404  704    0.4176   34.8394  272.2882
2019   82.00395  706    0.4149   34.8392  272.3729
2019   82.00387  708    0.4115   34.8394  272.5179
2019   82.00378  710    0.4093   34.8393  272.5070
2019   82.00370  712    0.4073   34.8397  272.5335
2019   82.00361  714    0.4042   34.8397  272.5707
2019   82.00351  716    0.4014   34.8398  272.5868
2019   82.00342  718    0.3988   34.8401  272.5630
2019   82.00334  720    0.3967   34.8401  272.4952
2019   82.00326  722    0.3943   34.8401  272.4683
2019   82.00318  724    0.3909   34.8403  272.4594
2019   82.00309  726    0.3880   34.8405  272.4455
2019   82.00301  728    0.3850   34.8406  272.4167
2019   82.00291  730    0.3833   34.8405  272.3543
2019   82.00281  732    0.3815   34.8406  272.3713
2019   82.00273  734    0.3791   34.8409  272.4659
2019   82.00265  736    0.3759   34.8408  272.6227
2019   82.00256  738    0.3717   34.8409  272.8422
2019   82.00248  740    0.3682   34.8408  273.0201
2019   82.00240  742    0.3637   34.8411  273.1956
2019   82.00231  744    0.3596   34.8409  273.2328
2019   82.00223  746    0.3564   34.8407  273.2700
2019   82.00213  748    0.3521   34.8409  273.2462
2019   82.00203  750    0.3479   34.8408  273.2395
2019   82.00195  752    0.3446   34.8409  273.2920
2019   82.00187  754    0.3410   34.8407  273.2975
2019   82.00179  756    0.3377   34.8410  273.2039
%endofdat
