%ITP 110, profile 566: year day longitude(E+) latitude(N+) ndepths
2019  181.25141  -143.0889  73.5958    8 0
%year day pressure(dbar) temperature(C) salinity oxygen(umol/kg)
2019  181.25175  302   -1.3871   33.5050  239.8392
2019  181.25210  304   -1.3835   33.5357  242.2030
2019  181.25334  306   -1.3791   33.5526  242.0344
2019  181.25372  308   -1.3820   33.5731  242.1223
2019  181.25484  310   -1.3837   33.5879  242.4400
2019  181.25561  312   -1.3863   33.5946  242.8843
2019  181.25635  314   -1.3884   33.6148  244.0160
2019  181.25664  316   -1.3783   33.6252  245.8522
%endofdat
