%ITP 110, profile 297: year day longitude(E+) latitude(N+) ndepths
2019   47.00141  -135.8166  75.3568  375 0
%year day pressure(dbar) temperature(C) salinity oxygen(umol/kg)
2019   47.03426    8   -1.5335   28.0872  359.7833
2019   47.03416   10   -1.5333   28.0872  359.7682
2019   47.03406   12   -1.5333   28.0874  359.8083
2019   47.03398   14   -1.5333   28.0875  359.8192
2019   47.03390   16   -1.5331   28.0877  359.7782
2019   47.03380   18   -1.5331   28.0880  359.8077
2019   47.03370   20   -1.5331   28.0883  359.8212
2019   47.03362   22   -1.5332   28.0889  359.7989
2019   47.03353   24   -1.5331   28.0897  359.8455
2019   47.03344   26   -1.5329   28.0909  359.8377
2019   47.03334   28   -1.5328   28.0921  359.9120
2019   47.03326   30   -1.5328   28.0939  359.9485
2019   47.03318   32   -1.5327   28.0965  360.0214
2019   47.03308   34   -1.5326   28.1002  360.1797
2019   47.03298   36   -1.5326   28.1059  360.3955
2019   47.03290   38   -1.5324   28.1152  360.6509
2019   47.03281   40   -1.5222   28.1320  360.9375
2019   47.03271   42   -1.0656   28.7982  357.2604
2019   47.03262   44   -0.7598   29.2631  354.2411
2019   47.03253   46   -0.6210   29.4537  352.3057
2019   47.03245   48   -0.4787   29.6685  349.5904
2019   47.03237   50   -0.4195   29.8635  347.4247
2019   47.03227   52   -0.2987   30.0325  344.2882
2019   47.03217   54   -0.2021   30.1631  340.7289
2019   47.03209   56   -0.0964   30.3324  336.0129
2019   47.03201   58   -0.0318   30.4599  330.1624
2019   47.03191   60    0.0380   30.5821  324.0201
2019   47.03181   62    0.0643   30.7608  319.4209
2019   47.03173   64    0.0703   30.8803  316.2781
2019   47.03165   66    0.1099   30.9704  311.9170
2019   47.03156   68    0.0651   31.0259  308.7039
2019   47.03148   70    0.0322   31.1036  306.6208
2019   47.03138   72    0.0468   31.1709  304.3501
2019   47.03128   74    0.0453   31.2234  302.0941
2019   47.03120   76    0.0764   31.2792  299.7234
2019   47.03112   78    0.1597   31.3671  297.1320
2019   47.03103   80    0.2453   31.4254  295.4942
2019   47.03094   82    0.3222   31.4875  294.1461
2019   47.03084   84    0.3195   31.5322  293.4422
2019   47.03076   86    0.2834   31.5587  292.9515
2019   47.03068   88    0.2300   31.5940  292.1350
2019   47.03059   90    0.1213   31.6365  291.3094
2019   47.03051   92    0.0566   31.6641  290.3922
2019   47.03041   94    0.0038   31.6956  289.3109
2019   47.03031   96   -0.0628   31.7263  288.2358
2019   47.03023   98   -0.0862   31.7521  287.0222
2019   47.03015  100   -0.1457   31.7889  285.8434
2019   47.03006  102   -0.2496   31.8298  284.9508
2019   47.02998  104   -0.3352   31.8578  284.1554
2019   47.02988  106   -0.4107   31.8751  283.4377
2019   47.02979  108   -0.4713   31.8967  282.2671
2019   47.02970  110   -0.5961   31.9100  281.1145
2019   47.02962  112   -0.6782   31.9365  279.4644
2019   47.02953  114   -0.7861   31.9743  277.8467
2019   47.02945  116   -0.8038   32.0045  276.3155
2019   47.02935  118   -0.8160   32.0321  275.0318
2019   47.02926  120   -0.8250   32.0660  274.0727
2019   47.02917  122   -0.8495   32.0923  273.2275
2019   47.02909  124   -0.8941   32.1138  272.4746
2019   47.02901  126   -0.9441   32.1427  271.5030
2019   47.02891  128   -1.0169   32.1702  270.1705
2019   47.02881  130   -1.0377   32.1952  268.8854
2019   47.02873  132   -1.0425   32.2210  267.6765
2019   47.02865  134   -1.0632   32.2449  267.1194
2019   47.02856  136   -1.0775   32.2742  266.9273
2019   47.02848  138   -1.1059   32.2998  266.6551
2019   47.02838  140   -1.1323   32.3234  265.9905
2019   47.02828  142   -1.1526   32.3506  265.0173
2019   47.02820  144   -1.1719   32.3740  264.0303
2019   47.02812  146   -1.1917   32.3979  263.6265
2019   47.02804  148   -1.2130   32.4243  263.2600
2019   47.02795  150   -1.2387   32.4430  262.5964
2019   47.02785  152   -1.2622   32.4681  261.3699
2019   47.02776  154   -1.2923   32.4850  260.2406
2019   47.02767  156   -1.2841   32.5031  259.4478
2019   47.02759  158   -1.3174   32.5270  257.5441
2019   47.02751  160   -1.3243   32.5477  256.5337
2019   47.02742  162   -1.3374   32.5693  257.0133
2019   47.02733  164   -1.3644   32.5934  257.0330
2019   47.02723  166   -1.3806   32.6146  256.6236
2019   47.02715  168   -1.4040   32.6361  256.4382
2019   47.02706  170   -1.4234   32.6548  256.2909
2019   47.02698  172   -1.4388   32.6785  256.0637
2019   47.02689  174   -1.4461   32.7030  255.8950
2019   47.02680  176   -1.4627   32.7257  255.8180
2019   47.02670  178   -1.4743   32.7463  255.7350
2019   47.02662  180   -1.4829   32.7663  255.5887
2019   47.02654  182   -1.4723   32.7873  255.2874
2019   47.02645  184   -1.4504   32.8104  255.0340
2019   47.02637  186   -1.4387   32.8369  254.7775
2019   47.02627  188   -1.4473   32.8574  254.6257
2019   47.02617  190   -1.4496   32.8781  254.4782
2019   47.02609  192   -1.4476   32.8941  254.2330
2019   47.02601  194   -1.4479   32.9142  254.0714
2019   47.02592  196   -1.4523   32.9393  253.9388
2019   47.02584  198   -1.4562   32.9593  253.9038
2019   47.02574  200   -1.4592   32.9816  253.8415
2019   47.02564  202   -1.4606   33.0030  253.8917
2019   47.02556  204   -1.4601   33.0247  253.9127
2019   47.02548  206   -1.4557   33.0557  253.9245
2019   47.02540  208   -1.4536   33.0951  253.7293
2019   47.02531  210   -1.4447   33.1326  253.2772
2019   47.02521  212   -1.4391   33.1643  252.4663
2019   47.02512  214   -1.4302   33.2000  251.8478
2019   47.02503  216   -1.4153   33.2316  251.6346
2019   47.02495  218   -1.4024   33.2677  251.1450
2019   47.02487  220   -1.3865   33.3029  250.2689
2019   47.02478  222   -1.3694   33.3373  249.1987
2019   47.02470  224   -1.3409   33.3825  248.1604
2019   47.02460  226   -1.3034   33.4340  247.5063
2019   47.02451  228   -1.2736   33.4762  246.9686
2019   47.02443  230   -1.2590   33.5166  246.1912
2019   47.02434  232   -1.2305   33.5607  245.4423
2019   47.02426  234   -1.1909   33.6098  244.8153
2019   47.02417  236   -1.1514   33.6605  244.3846
2019   47.02408  238   -1.1068   33.7140  244.2300
2019   47.02398  240   -1.0601   33.7658  244.4297
2019   47.02390  242   -1.0231   33.8122  244.8081
2019   47.02381  244   -0.9853   33.8626  245.3607
2019   47.02373  246   -0.9395   33.9143  245.9330
2019   47.02365  248   -0.9015   33.9550  246.5590
2019   47.02355  250   -0.8682   33.9844  247.3405
2019   47.02345  252   -0.8377   34.0132  248.1716
2019   47.02337  254   -0.8051   34.0448  248.8129
2019   47.02328  256   -0.7614   34.0731  249.4105
2019   47.02320  258   -0.7216   34.1034  249.6940
2019   47.02312  260   -0.6917   34.1258  249.9044
2019   47.02304  262   -0.6651   34.1408  250.2529
2019   47.02294  264   -0.6191   34.1616  250.4378
2019   47.02284  266   -0.5668   34.1866  250.4230
2019   47.02276  268   -0.5338   34.2036  250.4899
2019   47.02267  270   -0.4923   34.2256  250.5302
2019   47.02259  272   -0.4621   34.2450  250.4957
2019   47.02251  274   -0.4368   34.2584  250.5059
2019   47.02242  276   -0.4019   34.2763  250.5268
2019   47.02233  278   -0.3672   34.2934  250.6405
2019   47.02223  280   -0.3318   34.3096  250.7202
2019   47.02215  282   -0.2925   34.3233  250.7772
2019   47.02206  284   -0.2568   34.3395  250.8626
2019   47.02198  286   -0.2186   34.3494  250.9545
2019   47.02189  288   -0.1881   34.3625  251.0571
2019   47.02181  290   -0.1570   34.3746  251.0718
2019   47.02172  292   -0.1307   34.3858  251.1861
2019   47.02162  294   -0.0992   34.3986  251.2690
2019   47.02154  296   -0.0750   34.4091  251.4524
2019   47.02145  298   -0.0497   34.4180  251.7052
2019   47.02137  300   -0.0229   34.4290  252.0030
2019   47.02128  302   -0.0041   34.4369  252.3346
2019   47.02120  304    0.0166   34.4479  252.7083
2019   47.02111  306    0.0247   34.4488  253.2845
2019   47.02101  308    0.0645   34.4629  253.5533
2019   47.02092  310    0.0817   34.4733  253.8252
2019   47.02084  312    0.1055   34.4802  254.1561
2019   47.02076  314    0.1179   34.4885  254.6296
2019   47.02068  316    0.1371   34.4929  254.9736
2019   47.02059  318    0.1765   34.5100  255.0190
2019   47.02049  320    0.1818   34.5140  255.3779
2019   47.02040  322    0.1908   34.5154  255.7884
2019   47.02031  324    0.2233   34.5264  256.0109
2019   47.02023  326    0.2585   34.5418  256.0129
2019   47.02015  328    0.2586   34.5429  256.3737
2019   47.02006  330    0.2603   34.5434  256.7604
2019   47.01998  332    0.2919   34.5558  256.9705
2019   47.01988  334    0.3165   34.5646  257.3151
2019   47.01978  336    0.3346   34.5756  257.8115
2019   47.01970  338    0.3571   34.5800  258.0839
2019   47.01962  340    0.3781   34.5922  258.3074
2019   47.01953  342    0.3786   34.5930  258.9523
2019   47.01945  344    0.3845   34.5923  259.7311
2019   47.01937  346    0.4262   34.6100  260.0175
2019   47.01927  348    0.4539   34.6244  260.3375
2019   47.01917  350    0.4558   34.6246  260.7780
2019   47.01909  352    0.4857   34.6322  260.8672
2019   47.01901  354    0.4922   34.6372  260.9610
2019   47.01892  356    0.4927   34.6376  261.2454
2019   47.01884  358    0.4929   34.6383  261.6871
2019   47.01876  360    0.4938   34.6388  262.3118
2019   47.01867  362    0.5179   34.6457  262.5884
2019   47.01858  364    0.5318   34.6564  262.9872
2019   47.01848  366    0.5326   34.6569  263.5022
2019   47.01840  368    0.5637   34.6668  263.4932
2019   47.01831  370    0.5717   34.6745  263.4574
2019   47.01823  372    0.5720   34.6746  263.4981
2019   47.01814  374    0.5720   34.6745  263.5250
2019   47.01806  376    0.5721   34.6747  263.5666
2019   47.01797  378    0.5723   34.6747  263.6107
2019   47.01787  380    0.5718   34.6750  263.7276
2019   47.01779  382    0.5714   34.6753  263.8329
2019   47.01770  384    0.5708   34.6756  264.0442
2019   47.01762  386    0.5713   34.6760  264.3469
2019   47.01753  388    0.5727   34.6759  264.7818
2019   47.01745  390    0.5976   34.6854  264.9423
2019   47.01737  392    0.5994   34.6882  265.1745
2019   47.01727  394    0.6293   34.6922  265.2063
2019   47.01717  396    0.6380   34.6975  265.1594
2019   47.01709  398    0.6381   34.6975  265.1865
2019   47.01701  400    0.6383   34.6975  265.1750
2019   47.01693  402    0.6384   34.6976  265.2024
2019   47.01684  404    0.6382   34.6978  265.2159
2019   47.01676  406    0.6380   34.6977  265.2228
2019   47.01667  408    0.6377   34.6977  265.2384
2019   47.01658  410    0.6365   34.6982  265.2603
2019   47.01648  412    0.6350   34.6980  265.2840
2019   47.01640  414    0.6334   34.6982  265.3315
2019   47.01631  416    0.6308   34.6982  265.3944
2019   47.01623  418    0.6294   34.6984  265.4310
2019   47.01615  420    0.6283   34.6986  265.5598
2019   47.01606  422    0.6282   34.6989  265.7080
2019   47.01598  424    0.6281   34.6996  265.9995
2019   47.01588  426    0.6289   34.7002  266.3871
2019   47.01578  428    0.6590   34.7086  266.6930
2019   47.01570  430    0.6850   34.7158  266.8802
2019   47.01562  432    0.7029   34.7226  266.9201
2019   47.01554  434    0.7162   34.7283  266.9084
2019   47.01545  436    0.7166   34.7283  267.0012
2019   47.01537  438    0.7165   34.7285  266.9467
2019   47.01529  440    0.7162   34.7286  266.9774
2019   47.01519  442    0.7134   34.7288  267.0339
2019   47.01509  444    0.7148   34.7288  267.0604
2019   47.01501  446    0.7152   34.7292  267.0846
2019   47.01492  448    0.7151   34.7293  267.0758
2019   47.01484  450    0.7151   34.7294  267.1503
2019   47.01476  452    0.7153   34.7296  267.1755
2019   47.01467  454    0.7154   34.7297  267.2855
2019   47.01459  456    0.7158   34.7300  267.3935
2019   47.01449  458    0.7275   34.7314  267.3677
2019   47.01439  460    0.7294   34.7328  267.3682
2019   47.01431  462    0.7294   34.7330  267.3966
2019   47.01423  464    0.7292   34.7333  267.4335
2019   47.01415  466    0.7292   34.7334  267.5193
2019   47.01406  468    0.7313   34.7335  267.5940
2019   47.01398  470    0.7523   34.7365  267.5660
2019   47.01390  472    0.7550   34.7384  267.5693
2019   47.01380  474    0.7551   34.7383  267.5613
2019   47.01370  476    0.7551   34.7384  267.5347
2019   47.01362  478    0.7546   34.7385  267.5520
2019   47.01353  480    0.7527   34.7384  267.5423
2019   47.01345  482    0.7505   34.7385  267.5588
2019   47.01337  484    0.7484   34.7386  267.5862
2019   47.01328  486    0.7479   34.7385  267.5888
2019   47.01320  488    0.7477   34.7386  267.5503
2019   47.01312  490    0.7478   34.7386  267.5935
2019   47.01302  492    0.7478   34.7386  267.6119
2019   47.01292  494    0.7477   34.7388  267.6046
2019   47.01284  496    0.7479   34.7387  267.6314
2019   47.01276  498    0.7478   34.7388  267.6681
2019   47.01267  500    0.7479   34.7389  267.6302
2019   47.01259  502    0.7480   34.7388  267.6237
2019   47.01251  504    0.7479   34.7391  267.6063
2019   47.01242  506    0.7479   34.7390  267.6500
2019   47.01233  508    0.7479   34.7390  267.6031
2019   47.01223  510    0.7459   34.7391  267.6234
2019   47.01215  512    0.7452   34.7391  267.6336
2019   47.01206  514    0.7447   34.7393  267.6124
2019   47.01198  516    0.7440   34.7394  267.6535
2019   47.01189  518    0.7419   34.7394  267.7772
2019   47.01181  520    0.7413   34.7394  268.0285
2019   47.01173  522    0.7408   34.7398  268.3811
2019   47.01165  524    0.7423   34.7401  268.7712
2019   47.01155  526    0.7513   34.7437  269.0627
2019   47.01145  528    0.7574   34.7472  269.2297
2019   47.01137  530    0.7575   34.7478  269.4856
2019   47.01128  532    0.7590   34.7499  269.6366
2019   47.01120  534    0.7583   34.7506  269.8596
2019   47.01112  536    0.7593   34.7513  270.0593
2019   47.01103  538    0.7592   34.7530  270.2197
2019   47.01095  540    0.7579   34.7540  270.2797
2019   47.01087  542    0.7559   34.7543  270.3781
2019   47.01077  544    0.7547   34.7545  270.4577
2019   47.01068  546    0.7580   34.7558  270.4160
2019   47.01059  548    0.7562   34.7566  270.3504
2019   47.01051  550    0.7516   34.7570  270.3147
2019   47.01042  552    0.7469   34.7572  270.2502
2019   47.01034  554    0.7420   34.7570  270.1199
2019   47.01026  556    0.7353   34.7571  269.9856
2019   47.01017  558    0.7294   34.7570  269.8691
2019   47.01009  560    0.7227   34.7572  269.7585
2019   47.01001  562    0.7154   34.7571  269.7910
2019   47.00991  564    0.7090   34.7573  269.7008
2019   47.00981  566    0.7001   34.7570  269.7001
2019   47.00973  568    0.6942   34.7569  269.7595
2019   47.00965  570    0.6879   34.7571  269.8613
2019   47.00956  572    0.6848   34.7570  270.0613
2019   47.00948  574    0.6813   34.7568  270.2884
2019   47.00939  576    0.6856   34.7580  270.1872
2019   47.00931  578    0.6821   34.7586  270.1422
2019   47.00923  580    0.6743   34.7587  270.1320
2019   47.00915  582    0.6665   34.7584  270.1689
2019   47.00905  584    0.6600   34.7586  270.3195
2019   47.00895  586    0.6550   34.7581  270.4493
2019   47.00887  588    0.6530   34.7591  270.4377
2019   47.00878  590    0.6471   34.7593  270.4511
2019   47.00870  592    0.6435   34.7594  270.4077
2019   47.00862  594    0.6381   34.7600  270.3084
2019   47.00853  596    0.6325   34.7599  270.1792
2019   47.00845  598    0.6284   34.7598  270.0157
2019   47.00837  600    0.6216   34.7598  269.9115
2019   47.00828  602    0.6150   34.7598  269.8141
2019   47.00820  604    0.6084   34.7596  269.6762
2019   47.00810  606    0.6017   34.7596  269.5956
2019   47.00801  608    0.5963   34.7595  269.5188
2019   47.00792  610    0.5902   34.7596  269.4710
2019   47.00784  612    0.5852   34.7593  269.4309
2019   47.00776  614    0.5822   34.7592  269.3506
2019   47.00767  616    0.5770   34.7594  269.2770
2019   47.00759  618    0.5702   34.7593  269.2673
2019   47.00751  620    0.5641   34.7594  269.3283
2019   47.00742  622    0.5593   34.7592  269.4418
2019   47.00734  624    0.5557   34.7596  269.6778
2019   47.00726  626    0.5512   34.7593  270.0186
2019   47.00716  628    0.5508   34.7602  270.2418
2019   47.00706  630    0.5485   34.7608  270.4589
2019   47.00698  632    0.5468   34.7610  270.6105
2019   47.00689  634    0.5456   34.7618  270.6627
2019   47.00681  636    0.5436   34.7619  270.7701
2019   47.00673  638    0.5427   34.7618  270.7670
2019   47.00665  640    0.5401   34.7628  270.7542
2019   47.00656  642    0.5373   34.7626  270.7721
2019   47.00648  644    0.5345   34.7626  270.9012
2019   47.00640  646    0.5323   34.7627  271.0656
2019   47.00631  648    0.5307   34.7630  271.1772
2019   47.00623  650    0.5298   34.7638  271.2345
2019   47.00613  652    0.5281   34.7643  271.0885
2019   47.00603  654    0.5241   34.7644  271.1167
2019   47.00595  656    0.5202   34.7648  271.1521
2019   47.00587  658    0.5162   34.7650  271.1729
2019   47.00578  660    0.5118   34.7654  271.2676
2019   47.00570  662    0.5090   34.7653  271.3272
2019   47.00562  664    0.5067   34.7658  271.3257
2019   47.00554  666    0.5041   34.7662  271.3134
2019   47.00545  668    0.5012   34.7669  271.2042
2019   47.00537  670    0.4981   34.7672  271.2178
2019   47.00529  672    0.4946   34.7673  271.2118
2019   47.00520  674    0.4925   34.7675  271.0519
2019   47.00512  676    0.4884   34.7679  270.9313
2019   47.00503  678    0.4861   34.7683  270.6933
2019   47.00495  680    0.4834   34.7687  270.5448
2019   47.00486  682    0.4792   34.7690  270.5258
2019   47.00476  684    0.4760   34.7689  270.5659
2019   47.00467  686    0.4732   34.7692  270.6484
2019   47.00459  688    0.4703   34.7690  270.7477
2019   47.00451  690    0.4676   34.7694  270.8370
2019   47.00443  692    0.4652   34.7697  270.8772
2019   47.00434  694    0.4628   34.7700  270.9566
2019   47.00426  696    0.4603   34.7701  270.9263
2019   47.00417  698    0.4569   34.7706  271.0075
2019   47.00409  700    0.4529   34.7710  271.0732
2019   47.00401  702    0.4499   34.7714  271.0859
2019   47.00392  704    0.4461   34.7718  271.0572
2019   47.00384  706    0.4421   34.7721  271.1020
2019   47.00376  708    0.4395   34.7722  271.1673
2019   47.00367  710    0.4377   34.7728  271.2265
2019   47.00359  712    0.4359   34.7729  271.3570
2019   47.00351  714    0.4340   34.7731  271.4171
2019   47.00342  716    0.4314   34.7732  271.4588
2019   47.00334  718    0.4284   34.7736  271.4081
2019   47.00326  720    0.4255   34.7738  271.3091
2019   47.00316  722    0.4229   34.7741  271.3118
2019   47.00306  724    0.4200   34.7743  271.4099
2019   47.00298  726    0.4175   34.7746  271.4593
2019   47.00290  728    0.4147   34.7747  271.4464
2019   47.00281  730    0.4116   34.7749  271.5005
2019   47.00273  732    0.4087   34.7753  271.5282
2019   47.00265  734    0.4061   34.7755  271.4821
2019   47.00256  736    0.4035   34.7755  271.4043
2019   47.00248  738    0.3998   34.7759  271.3503
2019   47.00240  740    0.3962   34.7761  271.3357
2019   47.00231  742    0.3935   34.7765  271.3775
2019   47.00223  744    0.3915   34.7767  271.3257
2019   47.00215  746    0.3886   34.7768  271.2464
2019   47.00206  748    0.3850   34.7770  271.1855
2019   47.00198  750    0.3819   34.7776  271.2683
2019   47.00189  752    0.3791   34.7778  271.3570
2019   47.00182  754    0.3753   34.7780  271.3718
2019   47.00176  756    0.3716   34.7783  271.3900
%endofdat
