%ITP 110, profile 397: year day longitude(E+) latitude(N+) ndepths
2019   97.00141  -132.5255  74.5018  375 0
%year day pressure(dbar) temperature(C) salinity oxygen(umol/kg)
2019   97.03524    8   -1.5633   28.1686  358.7688
2019   97.03512   10   -1.5636   28.1744  358.7332
2019   97.03499   12   -1.5638   28.1808  358.6296
2019   97.03487   14   -1.5640   28.1845  358.4240
2019   97.03474   16   -1.5645   28.1921  358.2828
2019   97.03465   18   -1.5663   28.2295  357.7278
2019   97.03455   20   -1.5673   28.2647  356.9616
2019   97.03445   22   -1.5677   28.2817  356.2424
2019   97.03437   24   -1.5682   28.2926  356.1814
2019   97.03427   26   -1.5678   28.3002  356.7307
2019   97.03417   28   -1.5675   28.3074  357.2800
2019   97.03408   30   -1.5675   28.3160  357.1612
2019   97.03398   32   -1.5676   28.3250  356.8911
2019   97.03390   34   -1.5686   28.3363  356.3873
2019   97.03380   36   -1.5695   28.3505  355.6833
2019   97.03369   38   -1.5701   28.3683  354.0647
2019   97.03359   40   -1.5692   28.3953  351.8413
2019   97.03351   42   -1.5567   28.4865  349.8534
2019   97.03341   44   -1.5329   28.8140  348.0110
2019   97.03331   46   -1.4649   29.0388  346.2066
2019   97.03323   48   -1.2480   29.2077  343.1043
2019   97.03313   50   -0.9025   29.5096  337.6316
2019   97.03302   52   -0.7435   29.7145  332.8683
2019   97.03292   54   -0.5765   29.9117  328.2191
2019   97.03283   56   -0.3523   30.1194  322.7767
2019   97.03273   58   -0.1738   30.2631  317.6823
2019   97.03265   60   -0.1023   30.4166  313.8406
2019   97.03255   62   -0.0488   30.5307  310.0352
2019   97.03245   64   -0.0198   30.6201  306.8732
2019   97.03236   66   -0.0019   30.7000  304.1349
2019   97.03226   68    0.0410   30.7798  301.4347
2019   97.03216   70    0.1031   30.8346  298.6868
2019   97.03206   72    0.0907   30.9059  296.8029
2019   97.03198   74    0.0918   30.9567  295.0597
2019   97.03189   76    0.1234   30.9961  293.1906
2019   97.03181   78    0.1363   31.0376  291.7506
2019   97.03172   80    0.1600   31.1077  290.3580
2019   97.03162   82    0.0633   31.1590  289.3859
2019   97.03154   84   -0.0051   31.2037  288.4198
2019   97.03145   86   -0.0820   31.2443  287.4837
2019   97.03135   88   -0.1736   31.2823  286.6436
2019   97.03126   90   -0.2902   31.3140  286.2557
2019   97.03117   92   -0.3242   31.3309  285.2247
2019   97.03108   94   -0.3413   31.3507  284.2058
2019   97.03098   96   -0.3996   31.3912  282.9104
2019   97.03090   98   -0.5698   31.4258  282.3911
2019   97.03080  100   -0.5840   31.4481  280.9801
2019   97.03070  102   -0.7425   31.4816  280.0421
2019   97.03060  104   -0.7922   31.5127  278.4143
2019   97.03051  106   -0.7966   31.5400  276.7349
2019   97.03042  108   -0.7432   31.5563  274.8269
2019   97.03033  110   -0.7578   31.5874  273.0537
2019   97.03023  112   -0.8085   31.6184  271.6758
2019   97.03015  114   -0.8501   31.6437  270.7270
2019   97.03005  116   -0.8832   31.6656  269.9327
2019   97.02995  118   -0.9229   31.6925  269.1656
2019   97.02987  120   -0.9909   31.7240  268.4913
2019   97.02977  122   -1.0561   31.7493  267.5553
2019   97.02967  124   -1.0691   31.7704  266.3688
2019   97.02959  126   -1.0939   31.8004  265.2063
2019   97.02949  128   -1.1502   31.8337  264.0385
2019   97.02939  130   -1.1909   31.8613  262.4447
2019   97.02931  132   -1.1769   31.8829  261.0017
2019   97.02923  134   -1.1446   31.9113  259.9441
2019   97.02913  136   -1.1661   31.9401  258.8953
2019   97.02904  138   -1.1790   31.9619  257.5441
2019   97.02895  140   -1.1925   31.9805  256.7023
2019   97.02885  142   -1.2063   31.9997  255.9421
2019   97.02876  144   -1.2295   32.0269  255.1919
2019   97.02867  146   -1.2509   32.0480  254.6047
2019   97.02859  148   -1.2730   32.0694  254.4172
2019   97.02849  150   -1.2994   32.0934  254.6295
2019   97.02840  152   -1.3268   32.1200  254.9899
2019   97.02831  154   -1.3517   32.1419  255.2778
2019   97.02823  156   -1.3928   32.1626  255.4570
2019   97.02813  158   -1.4137   32.1826  255.3781
2019   97.02804  160   -1.4327   32.1998  255.1904
2019   97.02795  162   -1.4434   32.2223  254.8613
2019   97.02787  164   -1.4437   32.2479  254.5391
2019   97.02777  166   -1.4644   32.2769  254.3456
2019   97.02767  168   -1.4711   32.2935  254.2001
2019   97.02759  170   -1.4721   32.3146  254.0052
2019   97.02749  172   -1.4777   32.3377  253.7997
2019   97.02740  174   -1.4832   32.3625  253.5767
2019   97.02731  176   -1.4868   32.3885  253.2703
2019   97.02723  178   -1.4931   32.4132  252.9222
2019   97.02713  180   -1.4936   32.4356  252.4854
2019   97.02703  182   -1.4954   32.4635  252.0711
2019   97.02695  184   -1.4940   32.4832  251.6843
2019   97.02685  186   -1.4926   32.5040  251.2231
2019   97.02676  188   -1.4931   32.5265  250.8243
2019   97.02667  190   -1.4896   32.5525  250.4638
2019   97.02659  192   -1.4853   32.5770  250.1387
2019   97.02649  194   -1.4770   32.6135  249.8805
2019   97.02640  196   -1.4703   32.6423  249.6044
2019   97.02631  198   -1.4643   32.6686  249.2763
2019   97.02623  200   -1.4553   32.7000  248.8667
2019   97.02613  202   -1.4428   32.7304  248.4896
2019   97.02603  204   -1.4300   32.7703  247.7506
2019   97.02595  206   -1.4177   32.8013  246.9386
2019   97.02587  208   -1.3972   32.8434  245.7019
2019   97.02578  210   -1.3752   32.8836  244.2797
2019   97.02569  212   -1.3468   32.9227  242.9422
2019   97.02559  214   -1.3168   32.9676  241.1246
2019   97.02551  216   -1.2881   33.0236  239.2538
2019   97.02541  218   -1.2464   33.0825  238.0989
2019   97.02531  220   -1.2001   33.1334  237.4917
2019   97.02523  222   -1.1747   33.1667  237.2551
2019   97.02515  224   -1.1524   33.1967  237.2445
2019   97.02505  226   -1.1136   33.2472  237.1972
2019   97.02495  228   -1.0918   33.2895  237.2533
2019   97.02487  230   -1.0662   33.3285  237.0083
2019   97.02478  232   -1.0459   33.3605  236.8027
2019   97.02470  234   -1.0019   33.3987  237.0806
2019   97.02460  236   -0.9452   33.4459  237.2720
2019   97.02451  238   -0.8792   33.5009  237.8792
2019   97.02443  240   -0.8069   33.5459  238.9153
2019   97.02434  242   -0.7419   33.5978  239.0584
2019   97.02426  244   -0.6930   33.6341  238.9030
2019   97.02416  246   -0.6528   33.6623  238.7683
2019   97.02406  248   -0.6097   33.6871  238.4673
2019   97.02398  250   -0.5735   33.7083  238.1914
2019   97.02390  252   -0.5233   33.7321  238.3855
2019   97.02380  254   -0.4983   33.7446  239.6375
2019   97.02370  256   -0.4677   33.7584  241.8058
2019   97.02362  258   -0.4290   33.7809  243.3265
2019   97.02353  260   -0.4055   33.8010  243.9370
2019   97.02345  262   -0.3820   33.8148  244.6460
2019   97.02335  264   -0.3594   33.8291  245.8360
2019   97.02326  266   -0.3175   33.8426  246.9697
2019   97.02318  268   -0.2712   33.8614  247.0687
2019   97.02309  270   -0.2425   33.8772  247.3381
2019   97.02299  272   -0.2057   33.8921  247.6578
2019   97.02290  274   -0.1824   33.9057  248.0328
2019   97.02281  276   -0.1654   33.9172  248.4713
2019   97.02273  278   -0.1467   33.9284  248.7584
2019   97.02265  280   -0.1340   33.9358  249.0565
2019   97.02255  282   -0.1170   33.9482  249.4250
2019   97.02245  284   -0.0978   33.9605  250.0854
2019   97.02237  286   -0.0709   33.9727  250.4262
2019   97.02228  288   -0.0532   33.9814  251.0353
2019   97.02220  290   -0.0173   33.9903  251.4504
2019   97.02210  292    0.0026   33.9987  251.8764
2019   97.02201  294    0.0260   34.0098  252.1846
2019   97.02193  296    0.0344   34.0151  252.5784
2019   97.02184  298    0.0587   34.0258  252.7266
2019   97.02176  300    0.0690   34.0320  252.8475
2019   97.02166  302    0.0938   34.0399  252.7384
2019   97.02156  304    0.1089   34.0473  252.5684
2019   97.02148  306    0.1178   34.0522  253.0988
2019   97.02140  308    0.1405   34.0642  253.5444
2019   97.02131  310    0.1616   34.0755  253.2572
2019   97.02122  312    0.1673   34.0792  253.3731
2019   97.02112  314    0.1912   34.0868  253.9665
2019   97.02103  316    0.2154   34.0960  254.2466
2019   97.02095  318    0.2313   34.1027  253.4050
2019   97.02087  320    0.2312   34.1048  252.5064
2019   97.02077  322    0.2373   34.1079  253.1518
2019   97.02068  324    0.2678   34.1193  254.0144
2019   97.02059  326    0.2887   34.1307  253.9625
2019   97.02051  328    0.3077   34.1374  254.6964
2019   97.02042  330    0.3346   34.1491  254.5347
2019   97.02033  332    0.3424   34.1540  253.9513
2019   97.02023  334    0.3475   34.1569  254.1665
2019   97.02015  336    0.3689   34.1665  255.0314
2019   97.02006  338    0.3934   34.1771  256.5138
2019   97.01998  340    0.4248   34.1887  256.9755
2019   97.01988  342    0.4336   34.1932  256.6102
2019   97.01978  344    0.4357   34.1946  255.7865
2019   97.01970  346    0.4374   34.1964  255.3206
2019   97.01962  348    0.4473   34.2002  256.3451
2019   97.01953  350    0.4730   34.2093  256.8510
2019   97.01945  352    0.4825   34.2133  257.7926
2019   97.01935  354    0.5013   34.2196  259.0953
2019   97.01926  356    0.5216   34.2275  259.2542
2019   97.01917  358    0.5234   34.2284  259.2016
2019   97.01909  360    0.5235   34.2287  259.1206
2019   97.01901  362    0.5238   34.2290  258.9771
2019   97.01891  364    0.5238   34.2295  258.7044
2019   97.01881  366    0.5238   34.2300  258.2787
2019   97.01873  368    0.5244   34.2309  258.2367
2019   97.01865  370    0.5357   34.2345  258.6714
2019   97.01856  372    0.5401   34.2364  259.2586
2019   97.01848  374    0.5508   34.2401  259.7202
2019   97.01838  376    0.5610   34.2435  259.8315
2019   97.01828  378    0.5620   34.2437  259.8930
2019   97.01820  380    0.5621   34.2442  259.9525
2019   97.01812  382    0.5623   34.2445  260.1789
2019   97.01804  384    0.5659   34.2456  260.6551
2019   97.01794  386    0.5777   34.2492  260.9301
2019   97.01784  388    0.5800   34.2503  260.9927
2019   97.01776  390    0.5819   34.2506  261.0628
2019   97.01767  392    0.5825   34.2508  261.0177
2019   97.01759  394    0.5835   34.2512  260.8723
2019   97.01749  396    0.5842   34.2517  260.5743
2019   97.01740  398    0.5844   34.2522  259.9703
2019   97.01731  400    0.5842   34.2532  259.0438
2019   97.01723  402    0.5850   34.2547  258.4579
2019   97.01715  404    0.5977   34.2593  258.9392
2019   97.01706  406    0.6131   34.2649  259.5291
2019   97.01696  408    0.6233   34.2685  260.2438
2019   97.01687  410    0.6386   34.2727  260.4753
2019   97.01679  412    0.6414   34.2739  260.7254
2019   97.01670  414    0.6450   34.2753  261.2132
2019   97.01662  416    0.6528   34.2774  261.6523
2019   97.01652  418    0.6581   34.2784  262.0408
2019   97.01642  420    0.6633   34.2806  262.4834
2019   97.01634  422    0.6673   34.2804  262.8705
2019   97.01626  424    0.6721   34.2813  262.9373
2019   97.01617  426    0.6745   34.2820  262.8623
2019   97.01609  428    0.6747   34.2819  262.7728
2019   97.01599  430    0.6746   34.2822  262.6633
2019   97.01590  432    0.6752   34.2821  262.4863
2019   97.01581  434    0.6751   34.2826  262.2844
2019   97.01573  436    0.6766   34.2829  262.2763
2019   97.01564  438    0.6799   34.2840  262.4603
2019   97.01556  440    0.6833   34.2852  262.7147
2019   97.01547  442    0.6879   34.2861  262.9160
2019   97.01537  444    0.6898   34.2868  263.0680
2019   97.01529  446    0.6920   34.2872  263.2267
2019   97.01520  448    0.6953   34.2879  263.3413
2019   97.01512  450    0.6969   34.2883  263.3425
2019   97.01503  452    0.6974   34.2885  263.3488
2019   97.01494  454    0.6961   34.2884  263.3664
2019   97.01484  456    0.6949   34.2886  263.4258
2019   97.01476  458    0.6940   34.2886  263.4459
2019   97.01467  460    0.6940   34.2886  263.4604
2019   97.01459  462    0.6939   34.2887  263.4323
2019   97.01449  464    0.6939   34.2887  263.3878
2019   97.01439  466    0.6938   34.2886  263.3393
2019   97.01431  468    0.6934   34.2885  263.2769
2019   97.01423  470    0.6928   34.2886  263.1871
2019   97.01415  472    0.6921   34.2886  263.1241
2019   97.01406  474    0.6910   34.2886  262.9523
2019   97.01396  476    0.6894   34.2885  262.7029
2019   97.01387  478    0.6880   34.2886  262.5605
2019   97.01378  480    0.6863   34.2888  262.3393
2019   97.01370  482    0.6838   34.2890  262.2736
2019   97.01362  484    0.6810   34.2898  262.5713
2019   97.01353  486    0.6845   34.2910  262.8342
2019   97.01344  488    0.6842   34.2927  263.1563
2019   97.01334  490    0.6817   34.2949  263.6535
2019   97.01326  492    0.6793   34.2961  264.1373
2019   97.01318  494    0.6849   34.2983  264.3885
2019   97.01309  496    0.6859   34.2994  264.8633
2019   97.01301  498    0.6856   34.2997  265.4798
2019   97.01291  500    0.6919   34.3002  266.0665
2019   97.01281  502    0.6991   34.3024  266.4137
2019   97.01273  504    0.7029   34.3038  266.6068
2019   97.01265  506    0.7107   34.3038  266.4323
2019   97.01256  508    0.7125   34.3051  266.1985
2019   97.01248  510    0.7009   34.3054  266.1076
2019   97.01238  512    0.6915   34.3052  266.0417
2019   97.01228  514    0.6892   34.3047  265.9683
2019   97.01220  516    0.6870   34.3045  265.7818
2019   97.01212  518    0.6831   34.3042  265.7025
2019   97.01203  520    0.6793   34.3038  265.5337
2019   97.01195  522    0.6725   34.3041  265.4506
2019   97.01185  524    0.6645   34.3037  265.4268
2019   97.01176  526    0.6603   34.3035  265.3819
2019   97.01167  528    0.6566   34.3037  265.3821
2019   97.01159  530    0.6523   34.3038  265.3425
2019   97.01151  532    0.6461   34.3037  265.2526
2019   97.01142  534    0.6412   34.3039  265.2699
2019   97.01133  536    0.6341   34.3042  265.2909
2019   97.01123  538    0.6264   34.3046  265.5878
2019   97.01115  540    0.6220   34.3043  265.9488
2019   97.01106  542    0.6264   34.3039  266.0170
2019   97.01098  544    0.6312   34.3056  265.8854
2019   97.01090  546    0.6229   34.3057  265.8907
2019   97.01080  548    0.6172   34.3057  265.9256
2019   97.01070  550    0.6121   34.3056  266.1185
2019   97.01062  552    0.6077   34.3057  266.3099
2019   97.01054  554    0.6053   34.3069  266.3523
2019   97.01045  556    0.6042   34.3069  266.1765
2019   97.01037  558    0.6014   34.3073  266.0523
2019   97.01029  560    0.5941   34.3075  265.9567
2019   97.01019  562    0.5884   34.3074  265.8194
2019   97.01009  564    0.5835   34.3072  265.7417
2019   97.01001  566    0.5787   34.3073  265.7040
2019   97.00992  568    0.5735   34.3073  265.6483
2019   97.00984  570    0.5694   34.3070  265.5630
2019   97.00976  572    0.5670   34.3068  265.4673
2019   97.00966  574    0.5628   34.3067  265.4106
2019   97.00956  576    0.5577   34.3066  265.3728
2019   97.00948  578    0.5532   34.3065  265.3790
2019   97.00939  580    0.5474   34.3066  265.3755
2019   97.00931  582    0.5422   34.3067  265.3661
2019   97.00923  584    0.5376   34.3066  265.3260
2019   97.00913  586    0.5339   34.3066  265.2771
2019   97.00904  588    0.5310   34.3064  265.3415
2019   97.00895  590    0.5251   34.3068  265.4116
2019   97.00887  592    0.5207   34.3069  265.5491
2019   97.00878  594    0.5185   34.3070  265.7018
2019   97.00870  596    0.5173   34.3077  265.8349
2019   97.00862  598    0.5148   34.3082  266.0507
2019   97.00852  600    0.5118   34.3086  266.2836
2019   97.00842  602    0.5109   34.3092  266.3949
2019   97.00834  604    0.5087   34.3099  266.4513
2019   97.00826  606    0.5051   34.3103  266.5710
2019   97.00818  608    0.5037   34.3044  266.5914
2019   97.00809  610    0.5027   34.3109  266.5484
2019   97.00801  612    0.5013   34.3109  266.4823
2019   97.00791  614    0.4992   34.3110  266.4862
2019   97.00781  616    0.4956   34.3111  266.5453
2019   97.00773  618    0.4922   34.3110  266.6292
2019   97.00765  620    0.4901   34.3115  266.6674
2019   97.00756  622    0.4872   34.3120  266.7719
2019   97.00748  624    0.4847   34.3124  266.8707
2019   97.00738  626    0.4839   34.3129  266.8383
2019   97.00728  628    0.4828   34.3133  266.6432
2019   97.00720  630    0.4804   34.3134  266.4672
2019   97.00712  632    0.4765   34.3134  266.3580
2019   97.00703  634    0.4706   34.3136  266.2913
2019   97.00695  636    0.4677   34.3140  266.2082
2019   97.00687  638    0.4657   34.3141  266.1463
2019   97.00677  640    0.4636   34.3139  266.0579
2019   97.00667  642    0.4604   34.3145  265.9436
2019   97.00659  644    0.4561   34.3148  265.8689
2019   97.00651  646    0.4536   34.3147  265.8110
2019   97.00642  648    0.4507   34.3145  265.8701
2019   97.00634  650    0.4481   34.3145  265.9117
2019   97.00626  652    0.4449   34.3149  265.9376
2019   97.00617  654    0.4411   34.3149  266.0244
2019   97.00608  656    0.4364   34.3150  266.1335
2019   97.00598  658    0.4338   34.3156  266.2401
2019   97.00590  660    0.4288   34.3159  266.3761
2019   97.00581  662    0.4263   34.3165  266.3800
2019   97.00573  664    0.4238   34.3166  266.4292
2019   97.00564  666    0.4202   34.3167  266.5489
2019   97.00556  668    0.4167   34.3170  266.6413
2019   97.00548  670    0.4158   34.3169  266.6737
2019   97.00538  672    0.4151   34.3172  266.6903
2019   97.00529  674    0.4138   34.3172  266.6915
2019   97.00520  676    0.4110   34.3174  266.7474
2019   97.00512  678    0.4084   34.3173  266.8089
2019   97.00503  680    0.4060   34.3175  266.8611
2019   97.00495  682    0.4040   34.3176  266.8700
2019   97.00487  684    0.4024   34.3177  266.9236
2019   97.00478  686    0.3998   34.3179  266.9377
2019   97.00470  688    0.3966   34.3179  266.9812
2019   97.00460  690    0.3949   34.3181  266.9452
2019   97.00451  692    0.3920   34.3183  266.9230
2019   97.00443  694    0.3875   34.3186  266.9201
2019   97.00434  696    0.3840   34.3187  266.9570
2019   97.00426  698    0.3829   34.3188  266.9191
2019   97.00417  700    0.3807   34.3188  266.8900
2019   97.00409  702    0.3794   34.3190  266.8372
2019   97.00401  704    0.3766   34.3191  266.8776
2019   97.00392  706    0.3720   34.3196  266.9308
2019   97.00383  708    0.3704   34.3198  266.9519
2019   97.00373  710    0.3692   34.3198  266.9866
2019   97.00365  712    0.3660   34.3197  267.0781
2019   97.00356  714    0.3617   34.3197  267.1866
2019   97.00348  716    0.3585   34.3199  267.2536
2019   97.00340  718    0.3543   34.3198  267.3801
2019   97.00331  720    0.3512   34.3197  267.4508
2019   97.00323  722    0.3468   34.3198  267.4958
2019   97.00314  724    0.3436   34.3198  267.5630
2019   97.00306  726    0.3391   34.3198  267.6658
2019   97.00298  728    0.3337   34.3202  267.6939
2019   97.00288  730    0.3303   34.3202  267.7418
2019   97.00279  732    0.3271   34.3202  267.7659
2019   97.00270  734    0.3237   34.3203  267.7701
2019   97.00262  736    0.3211   34.3207  267.7680
2019   97.00253  738    0.3186   34.3209  267.7008
2019   97.00245  740    0.3158   34.3209  267.6044
2019   97.00237  742    0.3119   34.3212  267.5397
2019   97.00228  744    0.3084   34.3214  267.4062
2019   97.00220  746    0.3058   34.3218  267.2583
2019   97.00212  748    0.3025   34.3224  267.1803
2019   97.00203  750    0.3001   34.3226  267.0141
2019   97.00194  752    0.2977   34.3230  266.8560
2019   97.00184  754    0.2966   34.3231  266.6539
2019   97.00178  756    0.2951   34.3236  266.4372
%endofdat
