%ITP 110, profile 78: year day longitude(E+) latitude(N+) ndepths
2018  302.25140  -135.5887  76.2792  373 0
%year day pressure(dbar) temperature(C) salinity oxygen(umol/kg)
2018  302.25177   16   -1.5458   28.3895  356.2412
2018  302.25184   18   -1.5458   28.3895  356.2567
2018  302.25193   20   -1.5458   28.3896  356.3028
2018  302.25201   22   -1.5458   28.3900  356.3561
2018  302.25209   24   -1.5455   28.3906  356.3498
2018  302.25218   26   -1.5450   28.3915  356.2858
2018  302.25226   28   -1.5445   28.3942  356.2481
2018  302.25234   30   -1.5439   28.3961  356.2356
2018  302.25243   32   -1.5432   28.3969  356.2873
2018  302.25251   34   -1.4574   28.5706  355.3689
2018  302.25259   36   -1.2494   29.0199  353.8801
2018  302.25268   38   -1.0649   29.3908  353.6781
2018  302.25276   40   -1.0164   29.6571  355.1050
2018  302.25284   42   -0.9839   29.8892  356.0552
2018  302.25292   44   -0.8251   30.0548  355.0188
2018  302.25301   46   -0.5086   30.2102  352.1745
2018  302.25309   48   -0.2316   30.3809  349.6442
2018  302.25318   50   -0.0781   30.5475  348.0860
2018  302.25326   52   -0.0801   30.7066  346.4557
2018  302.25334   54   -0.0852   30.8356  342.1807
2018  302.25343   56   -0.0593   30.9512  337.0304
2018  302.25351   58    0.0018   31.0416  332.2839
2018  302.25359   60   -0.0040   31.1359  328.1954
2018  302.25368   62   -0.0714   31.2031  324.7664
2018  302.25376   64    0.0033   31.2654  321.7445
2018  302.25384   66    0.0778   31.3323  319.1872
2018  302.25393   68    0.1529   31.3886  316.1382
2018  302.25401   70    0.1875   31.4435  313.2175
2018  302.25409   72    0.1298   31.4949  310.9336
2018  302.25417   74    0.1829   31.5290  308.7451
2018  302.25426   76    0.1690   31.5682  307.4541
2018  302.25434   78    0.1296   31.6145  306.2229
2018  302.25443   80    0.1043   31.6511  305.1937
2018  302.25451   82    0.0405   31.6846  304.3535
2018  302.25459   84    0.0277   31.7126  303.5504
2018  302.25468   86   -0.0497   31.7486  303.0845
2018  302.25476   88   -0.1309   31.7818  302.6342
2018  302.25484   90   -0.1222   31.8174  301.7712
2018  302.25493   92   -0.1262   31.8498  300.5621
2018  302.25501   94   -0.1540   31.8814  299.4116
2018  302.25509   96   -0.1718   31.9119  298.1869
2018  302.25518   98   -0.2082   31.9396  296.9985
2018  302.25526  100   -0.2945   31.9693  296.1787
2018  302.25534  102   -0.4050   31.9985  295.4506
2018  302.25542  104   -0.5161   32.0281  294.5255
2018  302.25551  106   -0.6438   32.0552  293.3384
2018  302.25559  108   -0.7432   32.0818  292.1488
2018  302.25568  110   -0.8203   32.1033  291.0617
2018  302.25576  112   -0.8770   32.1231  289.9585
2018  302.25586  114   -0.9153   32.1432  288.6593
2018  302.25595  116   -0.9782   32.1743  287.1866
2018  302.25604  118   -1.0080   32.2080  285.9787
2018  302.25612  120   -1.0185   32.2345  284.5929
2018  302.25620  122   -1.0291   32.2594  282.9495
2018  302.25629  124   -1.0118   32.2881  281.1321
2018  302.25637  126   -1.0209   32.3154  279.3010
2018  302.25645  128   -1.0393   32.3420  277.5478
2018  302.25654  130   -1.0707   32.3636  276.2125
2018  302.25662  132   -1.1009   32.3905  274.9902
2018  302.25671  134   -1.1132   32.4185  273.6450
2018  302.25679  136   -1.1506   32.4428  272.5227
2018  302.25687  138   -1.1718   32.4622  271.5421
2018  302.25695  140   -1.1795   32.4863  270.6220
2018  302.25704  142   -1.1913   32.5124  269.5085
2018  302.25712  144   -1.2115   32.5365  268.1580
2018  302.25720  146   -1.2512   32.5603  266.9201
2018  302.25730  148   -1.2716   32.5790  266.1035
2018  302.25740  150   -1.2969   32.5981  265.3477
2018  302.25748  152   -1.3176   32.6146  264.4889
2018  302.25757  154   -1.3314   32.6307  263.5732
2018  302.25765  156   -1.3333   32.6455  262.7089
2018  302.25773  158   -1.3483   32.6645  262.0666
2018  302.25782  160   -1.3700   32.6772  261.5596
2018  302.25790  162   -1.3925   32.6921  261.3659
2018  302.25798  164   -1.4149   32.7090  261.5556
2018  302.25806  166   -1.4281   32.7294  261.8398
2018  302.25815  168   -1.4406   32.7502  262.0108
2018  302.25823  170   -1.4448   32.7808  261.9616
2018  302.25831  172   -1.4736   32.8136  261.7570
2018  302.25840  174   -1.4892   32.8373  261.5486
2018  302.25850  176   -1.4968   32.8635  261.5664
2018  302.25859  178   -1.4993   32.8836  261.5632
2018  302.25868  180   -1.4997   32.9046  261.4395
2018  302.25876  182   -1.4993   32.9301  261.2372
2018  302.25884  184   -1.5010   32.9575  261.0644
2018  302.25893  186   -1.5017   32.9830  260.7463
2018  302.25901  188   -1.5012   33.0083  260.3818
2018  302.25909  190   -1.5005   33.0321  259.9823
2018  302.25917  192   -1.4981   33.0533  259.5924
2018  302.25926  194   -1.4943   33.0800  259.2668
2018  302.25934  196   -1.4902   33.1034  259.0162
2018  302.25943  198   -1.4875   33.1178  258.7161
2018  302.25952  200   -1.4848   33.1320  258.4461
2018  302.25962  202   -1.4795   33.1591  258.2017
2018  302.25970  204   -1.4688   33.1966  258.0326
2018  302.25979  206   -1.4561   33.2269  257.8158
2018  302.25987  208   -1.4376   33.2644  257.4838
2018  302.25996  210   -1.4070   33.3167  256.9401
2018  302.26004  212   -1.3884   33.3538  256.1998
2018  302.26012  214   -1.3638   33.3974  255.5038
2018  302.26020  216   -1.3374   33.4445  254.8661
2018  302.26029  218   -1.3182   33.4830  254.1472
2018  302.26037  220   -1.2905   33.5312  253.3364
2018  302.26047  222   -1.2548   33.5891  252.5466
2018  302.26056  224   -1.2141   33.6469  251.6775
2018  302.26065  226   -1.1769   33.6998  250.7259
2018  302.26073  228   -1.1418   33.7523  249.7699
2018  302.26081  230   -1.0996   33.8156  248.8089
2018  302.26090  232   -1.0688   33.8619  247.9577
2018  302.26098  234   -1.0475   33.8941  247.3910
2018  302.26106  236   -1.0059   33.9311  247.1331
2018  302.26115  238   -0.9785   33.9685  247.1742
2018  302.26124  240   -0.9562   34.0037  247.4108
2018  302.26134  242   -0.9330   34.0289  247.8379
2018  302.26143  244   -0.9090   34.0554  248.3486
2018  302.26151  246   -0.8692   34.0850  248.8560
2018  302.26159  248   -0.8236   34.1194  249.4882
2018  302.26167  250   -0.7584   34.1506  250.1816
2018  302.26176  252   -0.7026   34.1784  250.8265
2018  302.26184  254   -0.6688   34.2066  251.6350
2018  302.26194  256   -0.6214   34.2331  252.4167
2018  302.26204  258   -0.5798   34.2598  253.2122
2018  302.26212  260   -0.5467   34.2816  253.7532
2018  302.26220  262   -0.5158   34.2994  254.1362
2018  302.26229  264   -0.4888   34.3143  254.5596
2018  302.26237  266   -0.4631   34.3276  254.8391
2018  302.26245  268   -0.4301   34.3427  254.8981
2018  302.26255  270   -0.3901   34.3601  255.0458
2018  302.26265  272   -0.3552   34.3778  255.1353
2018  302.26273  274   -0.3154   34.3937  255.1853
2018  302.26282  276   -0.2847   34.4095  255.2614
2018  302.26290  278   -0.2643   34.4229  255.2695
2018  302.26298  280   -0.2363   34.4366  255.1331
2018  302.26306  282   -0.1965   34.4491  255.1081
2018  302.26316  284   -0.1687   34.4621  255.2857
2018  302.26326  286   -0.1188   34.4755  255.3392
2018  302.26334  288   -0.0634   34.4877  255.3537
2018  302.26343  290   -0.0086   34.5028  255.5109
2018  302.26351  292    0.0171   34.5174  255.8280
2018  302.26359  294    0.0252   34.5244  256.0613
2018  302.26368  296    0.0455   34.5338  256.1984
2018  302.26377  298    0.0762   34.5463  256.4633
2018  302.26387  300    0.0869   34.5528  256.7115
2018  302.26395  302    0.1132   34.5638  256.8814
2018  302.26404  304    0.1204   34.5684  257.3727
2018  302.26412  306    0.1295   34.5727  257.7104
2018  302.26421  308    0.1692   34.5868  257.9744
2018  302.26429  310    0.1842   34.5947  258.2882
2018  302.26438  312    0.1796   34.5973  258.6888
2018  302.26448  314    0.2048   34.6053  258.7737
2018  302.26456  316    0.2325   34.6152  258.8670
2018  302.26465  318    0.2542   34.6232  259.2353
2018  302.26473  320    0.2552   34.6255  259.6968
2018  302.26481  322    0.2636   34.6289  259.9734
2018  302.26490  324    0.2971   34.6399  260.0949
2018  302.26499  326    0.3257   34.6514  260.4246
2018  302.26509  328    0.3401   34.6598  260.9131
2018  302.26518  330    0.3705   34.6713  261.3474
2018  302.26526  332    0.3767   34.6762  261.8574
2018  302.26534  334    0.3775   34.6777  262.2300
2018  302.26542  336    0.3886   34.6817  262.4990
2018  302.26551  338    0.4488   34.6993  262.6007
2018  302.26561  340    0.4601   34.7071  263.1379
2018  302.26570  342    0.4610   34.7090  263.8320
2018  302.26579  344    0.4773   34.7148  264.0197
2018  302.26587  346    0.4983   34.7217  264.4443
2018  302.26595  348    0.5000   34.7238  265.0739
2018  302.26604  350    0.5009   34.7245  265.5196
2018  302.26612  352    0.5019   34.7251  265.6645
2018  302.26622  354    0.5235   34.7352  265.6676
2018  302.26632  356    0.5377   34.7421  265.9517
2018  302.26640  358    0.5508   34.7488  266.4610
2018  302.26648  360    0.5762   34.7602  267.0163
2018  302.26657  362    0.5793   34.7627  267.8328
2018  302.26665  364    0.5796   34.7636  268.4619
2018  302.26674  366    0.5801   34.7642  268.7861
2018  302.26684  368    0.5803   34.7646  268.9144
2018  302.26693  370    0.5804   34.7650  269.0093
2018  302.26701  372    0.5805   34.7651  269.0297
2018  302.26709  374    0.5805   34.7653  268.9959
2018  302.26718  376    0.5806   34.7654  269.0630
2018  302.26726  378    0.5840   34.7665  269.0704
2018  302.26736  380    0.6084   34.7725  269.1253
2018  302.26745  382    0.6144   34.7754  269.4908
2018  302.26754  384    0.6437   34.7827  269.7745
2018  302.26762  386    0.6510   34.7859  270.2602
2018  302.26770  388    0.6514   34.7868  270.5708
2018  302.26779  390    0.6506   34.7875  270.7244
2018  302.26787  392    0.6484   34.7878  270.9275
2018  302.26797  394    0.6455   34.7881  271.0747
2018  302.26806  396    0.6449   34.7882  271.1335
2018  302.26815  398    0.6448   34.7883  271.1557
2018  302.26823  400    0.6450   34.7882  271.3034
2018  302.26831  402    0.6451   34.7882  271.3697
2018  302.26840  404    0.6453   34.7881  271.3153
2018  302.26850  406    0.6452   34.7884  271.3469
2018  302.26859  408    0.6452   34.7885  271.3658
2018  302.26868  410    0.6455   34.7883  271.3109
2018  302.26876  412    0.6455   34.7885  271.3701
2018  302.26884  414    0.6455   34.7884  271.3461
2018  302.26893  416    0.6456   34.7885  271.3600
2018  302.26901  418    0.6456   34.7885  271.3211
2018  302.26911  420    0.6476   34.7895  271.3625
2018  302.26921  422    0.6783   34.7983  271.1291
2018  302.26929  424    0.7010   34.8051  271.2122
2018  302.26937  426    0.7186   34.8104  271.5267
2018  302.26945  428    0.7320   34.8149  271.8753
2018  302.26954  430    0.7316   34.8163  272.1527
2018  302.26964  432    0.7319   34.8171  272.5600
2018  302.26973  434    0.7321   34.8176  272.8138
2018  302.26981  436    0.7323   34.8177  272.9385
2018  302.26990  438    0.7319   34.8181  272.9450
2018  302.26998  440    0.7315   34.8181  273.0262
2018  302.27007  442    0.7317   34.8182  272.8959
2018  302.27015  444    0.7317   34.8183  272.8200
2018  302.27025  446    0.7318   34.8183  272.8483
2018  302.27034  448    0.7358   34.8191  272.9270
2018  302.27042  450    0.7472   34.8211  272.9217
2018  302.27051  452    0.7479   34.8220  273.0548
2018  302.27059  454    0.7469   34.8222  273.3044
2018  302.27068  456    0.7469   34.8224  273.4319
2018  302.27077  458    0.7469   34.8224  273.4621
2018  302.27087  460    0.7467   34.8227  273.4158
2018  302.27095  462    0.7468   34.8228  273.4067
2018  302.27104  464    0.7472   34.8226  273.4975
2018  302.27112  466    0.7545   34.8235  273.4554
2018  302.27120  468    0.7660   34.8252  273.4114
2018  302.27130  470    0.7699   34.8265  273.4892
2018  302.27140  472    0.7687   34.8271  273.5357
2018  302.27148  474    0.7684   34.8272  273.4608
2018  302.27157  476    0.7679   34.8273  273.4764
2018  302.27165  478    0.7676   34.8274  273.5708
2018  302.27173  480    0.7673   34.8274  273.6481
2018  302.27183  482    0.7668   34.8275  273.6981
2018  302.27193  484    0.7663   34.8276  273.7975
2018  302.27201  486    0.7656   34.8276  273.8624
2018  302.27209  488    0.7654   34.8275  273.8320
2018  302.27218  490    0.7653   34.8275  273.7870
2018  302.27226  492    0.7653   34.8275  273.7707
2018  302.27236  494    0.7653   34.8275  273.8055
2018  302.27245  496    0.7654   34.8275  273.8740
2018  302.27254  498    0.7654   34.8275  273.8346
2018  302.27262  500    0.7651   34.8275  273.8313
2018  302.27270  502    0.7644   34.8278  273.8090
2018  302.27279  504    0.7702   34.8288  273.8953
2018  302.27287  506    0.7715   34.8300  273.9354
2018  302.27297  508    0.7722   34.8308  273.9859
2018  302.27306  510    0.7763   34.8325  274.1324
2018  302.27315  512    0.7793   34.8341  274.3773
2018  302.27323  514    0.7806   34.8353  274.5793
2018  302.27331  516    0.7812   34.8364  274.7887
2018  302.27340  518    0.7827   34.8377  274.9785
2018  302.27350  520    0.7822   34.8381  275.2452
2018  302.27359  522    0.7843   34.8397  275.5231
2018  302.27368  524    0.7848   34.8405  275.6990
2018  302.27376  526    0.7844   34.8414  275.9120
2018  302.27384  528    0.7820   34.8417  276.1673
2018  302.27393  530    0.7805   34.8422  276.3453
2018  302.27402  532    0.7786   34.8428  276.4917
2018  302.27412  534    0.7769   34.8433  276.5235
2018  302.27421  536    0.7738   34.8438  276.6681
2018  302.27429  538    0.7705   34.8441  276.7957
2018  302.27437  540    0.7663   34.8447  276.9390
2018  302.27445  542    0.7619   34.8448  276.9357
2018  302.27455  544    0.7579   34.8451  276.9805
2018  302.27465  546    0.7542   34.8451  276.9721
2018  302.27473  548    0.7500   34.8452  276.9439
2018  302.27481  550    0.7444   34.8452  276.9507
2018  302.27490  552    0.7386   34.8454  276.9110
2018  302.27498  554    0.7340   34.8453  276.9549
2018  302.27508  556    0.7280   34.8454  276.9309
2018  302.27518  558    0.7223   34.8454  276.8699
2018  302.27526  560    0.7166   34.8455  276.7913
2018  302.27534  562    0.7114   34.8455  276.7340
2018  302.27542  564    0.7073   34.8457  276.6332
2018  302.27551  566    0.7033   34.8460  276.6869
2018  302.27561  568    0.6982   34.8461  276.8111
2018  302.27570  570    0.6925   34.8459  276.8636
2018  302.27579  572    0.6867   34.8460  276.7936
2018  302.27587  574    0.6824   34.8462  276.7508
2018  302.27595  576    0.6797   34.8462  276.7310
2018  302.27604  578    0.6776   34.8465  276.7225
2018  302.27612  580    0.6745   34.8466  276.8304
2018  302.27622  582    0.6696   34.8467  276.9887
2018  302.27632  584    0.6644   34.8469  277.1098
2018  302.27640  586    0.6581   34.8470  277.1896
2018  302.27648  588    0.6522   34.8470  277.3187
2018  302.27657  590    0.6481   34.8470  277.3455
2018  302.27665  592    0.6447   34.8469  277.2940
2018  302.27674  594    0.6382   34.8470  277.3302
2018  302.27684  596    0.6318   34.8470  277.3553
2018  302.27693  598    0.6259   34.8471  277.2628
2018  302.27701  600    0.6219   34.8469  277.0871
2018  302.27709  602    0.6163   34.8466  277.0573
2018  302.27718  604    0.6108   34.8468  276.9294
2018  302.27727  606    0.6053   34.8466  276.8719
2018  302.27737  608    0.5998   34.8466  276.8359
2018  302.27745  610    0.5950   34.8465  276.7712
2018  302.27754  612    0.5909   34.8463  276.5512
2018  302.27762  614    0.5857   34.8462  276.4064
2018  302.27770  616    0.5817   34.8460  276.3743
2018  302.27780  618    0.5774   34.8460  276.2954
2018  302.27790  620    0.5728   34.8459  276.2706
2018  302.27798  622    0.5691   34.8458  276.2200
2018  302.27806  624    0.5660   34.8459  276.0883
2018  302.27815  626    0.5634   34.8461  276.0641
2018  302.27823  628    0.5612   34.8464  276.1487
2018  302.27833  630    0.5586   34.8470  276.3196
2018  302.27843  632    0.5550   34.8477  276.5652
2018  302.27851  634    0.5524   34.8481  276.8253
2018  302.27859  636    0.5501   34.8482  277.0295
2018  302.27868  638    0.5470   34.8481  277.2738
2018  302.27876  640    0.5433   34.8487  277.3276
2018  302.27884  642    0.5407   34.8488  277.3852
2018  302.27894  644    0.5374   34.8491  277.5649
2018  302.27904  646    0.5337   34.8495  277.6541
2018  302.27912  648    0.5317   34.8495  277.7701
2018  302.27921  650    0.5295   34.8496  277.7166
2018  302.27929  652    0.5264   34.8498  277.6730
2018  302.27937  654    0.5233   34.8501  277.8992
2018  302.27947  656    0.5195   34.8504  278.0458
2018  302.27956  658    0.5161   34.8509  278.1071
2018  302.27965  660    0.5139   34.8510  278.2166
2018  302.27973  662    0.5105   34.8513  278.3396
2018  302.27981  664    0.5076   34.8516  278.2683
2018  302.27990  666    0.5059   34.8514  278.3348
2018  302.27999  668    0.5031   34.8518  278.2565
2018  302.28009  670    0.5008   34.8518  278.1564
2018  302.28018  672    0.4988   34.8518  278.1848
2018  302.28026  674    0.4951   34.8522  278.2126
2018  302.28034  676    0.4910   34.8526  278.1699
2018  302.28042  678    0.4863   34.8529  278.0627
2018  302.28052  680    0.4819   34.8530  277.8510
2018  302.28062  682    0.4783   34.8530  277.6390
2018  302.28070  684    0.4750   34.8529  277.4565
2018  302.28079  686    0.4725   34.8529  277.2005
2018  302.28087  688    0.4700   34.8531  277.1170
2018  302.28095  690    0.4676   34.8531  277.2121
2018  302.28105  692    0.4647   34.8534  277.3283
2018  302.28115  694    0.4618   34.8535  277.4327
2018  302.28123  696    0.4588   34.8538  277.5558
2018  302.28132  698    0.4564   34.8540  277.6640
2018  302.28140  700    0.4539   34.8541  277.6983
2018  302.28148  702    0.4509   34.8543  277.6554
2018  302.28158  704    0.4469   34.8546  277.7513
2018  302.28167  706    0.4439   34.8547  277.7748
2018  302.28176  708    0.4407   34.8547  277.7570
2018  302.28184  710    0.4371   34.8550  277.7041
2018  302.28193  712    0.4345   34.8552  277.7739
2018  302.28201  714    0.4323   34.8552  277.8202
2018  302.28211  716    0.4296   34.8552  277.9114
2018  302.28220  718    0.4262   34.8556  277.9326
2018  302.28229  720    0.4236   34.8556  277.9815
2018  302.28237  722    0.4211   34.8558  277.9700
2018  302.28245  724    0.4183   34.8558  277.9926
2018  302.28254  726    0.4163   34.8557  277.9571
2018  302.28263  728    0.4142   34.8559  278.0018
2018  302.28273  730    0.4121   34.8559  277.9180
2018  302.28282  732    0.4097   34.8560  277.9651
2018  302.28290  734    0.4070   34.8562  278.0363
2018  302.28298  736    0.4039   34.8563  278.0436
2018  302.28306  738    0.4015   34.8564  278.0586
2018  302.28316  740    0.3979   34.8568  278.0918
2018  302.28326  742    0.3958   34.8567  278.0392
2018  302.28334  744    0.3937   34.8568  277.9000
2018  302.28343  746    0.3906   34.8569  277.8090
2018  302.28351  748    0.3870   34.8571  277.9867
2018  302.28359  750    0.3838   34.8572  278.0068
2018  302.28368  752    0.3812   34.8574  277.8470
2018  302.28377  754    0.3773   34.8576  277.7504
2018  302.28387  756    0.3733   34.8575  277.6921
2018  302.28395  758    0.3691   34.8576  277.6413
2018  302.28404  760    0.3652   34.8576  277.5961
%endofdat
