%ITP 110, profile 621: year day longitude(E+) latitude(N+) ndepths
2019  209.00141  -141.4971  73.7593  180 0
%year day pressure(dbar) temperature(C) salinity oxygen(umol/kg)
2019  209.03648   62   -0.5134   28.9786  356.5642
2019  209.03586   64   -0.3272   29.1220  354.8899
2019  209.03446   66   -0.2185   29.3947  354.8935
2019  209.03333   68   -0.1784   29.5294  353.7323
2019  209.03158   70    0.0548   29.7016  351.9435
2019  209.03056   72    0.0625   29.7801  352.7695
2019  209.03023   74    0.0017   29.9685  352.5043
2019  209.02987   76   -0.1201   30.1198  351.5858
2019  209.02948   78   -0.0918   30.2377  349.0895
2019  209.02913   80    0.1228   30.4103  345.3911
2019  209.02880   82    0.1724   30.5689  343.6275
2019  209.02850   84    0.1384   30.6701  339.7930
2019  209.02822   86    0.0828   30.8079  334.2497
2019  209.02797   88    0.0215   30.9305  328.3231
2019  209.02773   90   -0.0247   31.0311  322.8359
2019  209.02748   92   -0.0892   31.1218  317.4083
2019  209.02723   94   -0.1395   31.1816  314.6072
2019  209.02701   96   -0.0678   31.2592  311.1845
2019  209.02680   98   -0.0522   31.3175  308.8187
2019  209.02659  100   -0.0270   31.3811  305.9282
2019  209.02640  102   -0.0810   31.4213  303.7938
2019  209.02620  104   -0.0629   31.4644  302.4808
2019  209.02601  106   -0.1056   31.5054  301.6834
2019  209.02583  108   -0.1459   31.5310  299.7978
2019  209.02565  110   -0.0850   31.5806  297.5015
2019  209.02547  112   -0.0900   31.6339  296.2280
2019  209.02530  114   -0.1530   31.6663  295.0680
2019  209.02509  116   -0.1668   31.7207  294.3439
2019  209.02486  118   -0.2401   31.7538  293.3267
2019  209.02465  120   -0.2202   31.7759  292.3260
2019  209.02444  122   -0.2602   31.8026  291.7097
2019  209.02423  124   -0.3254   31.8290  290.9569
2019  209.02405  126   -0.4093   31.8632  289.9082
2019  209.02389  128   -0.4819   31.8903  288.8340
2019  209.02370  130   -0.5599   31.9239  288.1473
2019  209.02351  132   -0.6264   31.9455  287.4295
2019  209.02332  134   -0.6942   31.9693  286.4877
2019  209.02312  136   -0.7425   31.9879  285.6418
2019  209.02290  138   -0.7829   32.0080  284.4696
2019  209.02268  140   -0.8419   32.0355  283.1364
2019  209.02248  142   -0.8839   32.0615  281.8376
2019  209.02227  144   -0.9330   32.0935  280.6898
2019  209.02207  146   -0.9800   32.1158  279.5208
2019  209.02187  148   -1.0135   32.1415  278.4933
2019  209.02168  150   -1.0569   32.1695  277.4968
2019  209.02148  152   -1.0903   32.1998  276.8776
2019  209.02127  154   -1.1264   32.2240  276.1898
2019  209.02104  156   -1.1499   32.2438  275.3666
2019  209.02083  158   -1.1692   32.2688  274.6057
2019  209.02065  160   -1.1916   32.2924  274.1620
2019  209.02047  162   -1.2105   32.3155  273.6106
2019  209.02027  164   -1.2254   32.3303  273.1027
2019  209.02008  166   -1.2386   32.3487  272.8344
2019  209.01988  168   -1.2544   32.3701  272.5506
2019  209.01969  170   -1.2654   32.3857  271.6375
2019  209.01952  172   -1.2698   32.3992  270.4926
2019  209.01936  174   -1.2698   32.4161  269.3992
2019  209.01918  176   -1.2686   32.4304  268.2549
2019  209.01899  178   -1.2717   32.4535  267.5082
2019  209.01883  180   -1.2811   32.4726  266.9023
2019  209.01868  182   -1.2997   32.4939  266.1501
2019  209.01852  184   -1.3077   32.5108  265.2679
2019  209.01836  186   -1.3152   32.5309  264.5262
2019  209.01819  188   -1.3306   32.5503  263.7424
2019  209.01802  190   -1.3418   32.5696  262.9579
2019  209.01786  192   -1.3552   32.5918  262.2206
2019  209.01770  194   -1.3707   32.6159  261.8712
2019  209.01756  196   -1.3843   32.6344  261.6560
2019  209.01741  198   -1.3917   32.6501  261.1124
2019  209.01725  200   -1.3964   32.6660  260.4979
2019  209.01709  202   -1.4029   32.6828  259.9645
2019  209.01695  204   -1.4090   32.6996  259.3560
2019  209.01679  206   -1.4164   32.7192  258.7390
2019  209.01661  208   -1.4239   32.7395  257.9397
2019  209.01644  210   -1.4310   32.7622  257.2418
2019  209.01627  212   -1.4381   32.7916  256.8087
2019  209.01609  214   -1.4366   32.8116  256.4211
2019  209.01590  216   -1.4388   32.8360  256.0764
2019  209.01569  218   -1.4457   32.8602  255.7612
2019  209.01550  220   -1.4517   32.8836  255.4410
2019  209.01533  222   -1.4536   32.9137  255.1516
2019  209.01516  224   -1.4522   32.9403  254.8554
2019  209.01498  226   -1.4528   32.9635  254.5356
2019  209.01480  228   -1.4547   32.9915  254.2161
2019  209.01463  230   -1.4575   33.0235  253.9921
2019  209.01445  232   -1.4604   33.0500  253.7860
2019  209.01426  234   -1.4610   33.0679  253.6029
2019  209.01409  236   -1.4574   33.0919  253.4058
2019  209.01395  238   -1.4573   33.1173  253.2697
2019  209.01380  240   -1.4518   33.1431  253.0396
2019  209.01366  242   -1.4408   33.1746  252.8460
2019  209.01354  244   -1.4303   33.2101  252.6944
2019  209.01341  246   -1.4171   33.2460  252.3678
2019  209.01329  248   -1.4031   33.2777  251.9133
2019  209.01313  250   -1.3863   33.3142  251.4064
2019  209.01297  252   -1.3590   33.3754  251.0213
2019  209.01281  254   -1.3431   33.4192  250.5069
2019  209.01268  256   -1.3181   33.4547  249.3928
2019  209.01254  258   -1.3020   33.4830  248.3285
2019  209.01240  260   -1.2831   33.5082  247.6980
2019  209.01226  262   -1.2579   33.5480  247.0549
2019  209.01212  264   -1.2254   33.5860  246.1547
2019  209.01200  266   -1.1915   33.6355  245.4331
2019  209.01187  268   -1.1553   33.6795  244.7272
2019  209.01174  270   -1.0982   33.7316  244.1673
2019  209.01162  272   -1.0703   33.7792  243.7586
2019  209.01150  274   -1.0562   33.8078  243.4556
2019  209.01137  276   -1.0381   33.8313  243.3234
2019  209.01123  278   -1.0087   33.8697  243.2942
2019  209.01109  280   -0.9785   33.9038  243.5145
2019  209.01097  282   -0.9486   33.9285  243.9374
2019  209.01084  284   -0.9041   33.9677  244.2562
2019  209.01070  286   -0.8610   34.0033  244.9266
2019  209.01058  288   -0.8065   34.0419  245.4073
2019  209.01045  290   -0.7642   34.0792  245.9892
2019  209.01033  292   -0.7137   34.1042  246.7543
2019  209.01020  294   -0.6739   34.1416  247.2406
2019  209.01008  296   -0.6324   34.1655  247.5654
2019  209.00995  298   -0.5905   34.1910  248.0984
2019  209.00983  300   -0.5531   34.2151  248.7194
2019  209.00972  302   -0.5244   34.2335  249.1446
2019  209.00961  304   -0.4914   34.2479  249.5070
2019  209.00950  306   -0.4572   34.2681  249.8635
2019  209.00937  308   -0.4278   34.2913  250.2226
2019  209.00923  310   -0.4019   34.3036  250.5785
2019  209.00911  312   -0.3747   34.3218  250.9327
2019  209.00898  314   -0.3543   34.3398  251.0679
2019  209.00886  316   -0.3348   34.3532  251.3451
2019  209.00873  318   -0.3179   34.3626  251.5912
2019  209.00859  320   -0.2903   34.3731  251.8080
2019  209.00847  322   -0.2579   34.3881  252.0017
2019  209.00836  324   -0.2207   34.4009  252.1269
2019  209.00823  326   -0.1915   34.4177  252.2737
2019  209.00809  328   -0.1683   34.4288  252.5063
2019  209.00795  330   -0.1359   34.4414  252.7838
2019  209.00783  332   -0.1048   34.4576  252.8971
2019  209.00770  334   -0.0764   34.4709  252.9897
2019  209.00756  336   -0.0584   34.4831  253.1275
2019  209.00743  338   -0.0414   34.4891  253.3451
2019  209.00729  340   -0.0159   34.5005  253.5707
2019  209.00715  342    0.0027   34.5108  253.8023
2019  209.00701  344    0.0247   34.5170  254.0597
2019  209.00687  346    0.0539   34.5275  254.3331
2019  209.00673  348    0.0837   34.5394  254.5897
2019  209.00659  350    0.1142   34.5497  254.8733
2019  209.00645  352    0.1412   34.5622  255.1615
2019  209.00631  354    0.1596   34.5723  255.3207
2019  209.00616  356    0.1754   34.5764  255.5792
2019  209.00601  358    0.2010   34.5868  255.8717
2019  209.00586  360    0.2171   34.5925  256.1238
2019  209.00570  362    0.2365   34.6010  256.1123
2019  209.00556  364    0.2445   34.6060  255.7374
2019  209.00543  366    0.2564   34.6097  255.4596
2019  209.00529  368    0.2719   34.6158  255.4815
2019  209.00515  370    0.2905   34.6222  255.9714
2019  209.00501  372    0.3137   34.6345  256.3215
2019  209.00489  374    0.3204   34.6387  256.1901
2019  209.00476  376    0.3365   34.6410  256.1547
2019  209.00461  378    0.3606   34.6504  256.2041
2019  209.00445  380    0.3800   34.6579  256.2786
2019  209.00431  382    0.3952   34.6660  256.4802
2019  209.00418  384    0.4096   34.6699  256.8195
2019  209.00404  386    0.4241   34.6785  257.0477
2019  209.00389  388    0.4382   34.6841  257.8605
2019  209.00373  390    0.4534   34.6891  258.8422
2019  209.00359  392    0.4642   34.6941  259.2719
2019  209.00345  394    0.4752   34.6977  259.1471
2019  209.00331  396    0.4793   34.7003  258.8232
2019  209.00318  398    0.4912   34.7017  259.4247
2019  209.00305  400    0.5079   34.7077  259.7883
2019  209.00291  402    0.5171   34.7117  259.8944
2019  209.00277  404    0.5284   34.7163  259.9744
2019  209.00265  406    0.5343   34.7173  260.1481
2019  209.00251  408    0.5465   34.7239  260.4715
2019  209.00237  410    0.5568   34.7277  260.8251
2019  209.00223  412    0.5665   34.7327  261.3114
2019  209.00209  414    0.5746   34.7356  261.9002
2019  209.00197  416    0.5804   34.7405  261.8231
2019  209.00186  418    0.5791   34.7404  261.5959
2019  209.00178  420    0.5809   34.7396  261.2793
%endofdat
