%ITP 110, profile 153: year day longitude(E+) latitude(N+) ndepths
2018  340.00142  -136.9153  75.4139  377 0
%year day pressure(dbar) temperature(C) salinity oxygen(umol/kg)
2018  340.03553    8   -1.5323   28.0740  352.5228
2018  340.03543   10   -1.5321   28.0737  352.5857
2018  340.03534   12   -1.5324   28.0750  352.6419
2018  340.03525   14   -1.5320   28.0748  352.6799
2018  340.03516   16   -1.5321   28.0752  352.7218
2018  340.03506   18   -1.5323   28.0766  352.7734
2018  340.03496   20   -1.5322   28.0776  352.9093
2018  340.03486   22   -1.5319   28.0788  352.9833
2018  340.03477   24   -1.5321   28.0808  353.2693
2018  340.03467   26   -1.5320   28.0832  353.6227
2018  340.03459   28   -1.5318   28.0864  354.2196
2018  340.03449   30   -1.5317   28.0922  355.4409
2018  340.03439   32   -1.5310   28.1020  357.5975
2018  340.03431   34   -1.5290   28.1262  360.2149
2018  340.03421   36   -1.1942   28.6176  359.0479
2018  340.03412   38   -0.8929   28.9764  356.9230
2018  340.03403   40   -0.8012   29.1107  355.8520
2018  340.03394   42   -0.7334   29.3595  353.8818
2018  340.03384   44   -0.6487   29.6604  350.8852
2018  340.03375   46   -0.5830   29.8472  347.9960
2018  340.03366   48   -0.5505   29.9839  344.7595
2018  340.03356   50   -0.5207   30.0917  341.1327
2018  340.03348   52   -0.5173   30.2318  338.6452
2018  340.03338   54   -0.3368   30.3959  335.2304
2018  340.03328   56   -0.2116   30.5175  331.5841
2018  340.03320   58   -0.1722   30.6263  328.3420
2018  340.03310   60   -0.0020   30.7220  323.4041
2018  340.03301   62    0.0585   30.8316  318.3895
2018  340.03292   64   -0.0046   30.9522  314.3749
2018  340.03282   66   -0.0536   31.0585  311.4216
2018  340.03273   68    0.0473   31.1758  308.4348
2018  340.03264   70    0.0816   31.2545  306.4666
2018  340.03255   72    0.1016   31.2995  304.4119
2018  340.03245   74    0.1068   31.3454  302.6177
2018  340.03236   76    0.1296   31.4138  301.1429
2018  340.03227   78    0.1469   31.4599  299.6483
2018  340.03217   80    0.1193   31.5051  298.3953
2018  340.03209   82    0.0937   31.5539  297.5952
2018  340.03199   84    0.0853   31.5917  296.5659
2018  340.03189   86    0.0249   31.6402  295.6332
2018  340.03181   88    0.0071   31.6771  294.7589
2018  340.03171   90    0.0377   31.7065  293.6617
2018  340.03162   92    0.0002   31.7383  292.6193
2018  340.03153   94   -0.0610   31.7673  291.6675
2018  340.03144   96   -0.0946   31.7992  290.6749
2018  340.03134   98   -0.1085   31.8296  289.3907
2018  340.03125  100   -0.1486   31.8534  288.1344
2018  340.03116  102   -0.2183   31.8803  286.9093
2018  340.03106  104   -0.2993   31.9170  285.8012
2018  340.03098  106   -0.3340   31.9434  284.7625
2018  340.03088  108   -0.3974   31.9667  283.6036
2018  340.03078  110   -0.4844   31.9940  282.6025
2018  340.03070  112   -0.4776   32.0110  281.5614
2018  340.03060  114   -0.5727   32.0321  280.6144
2018  340.03051  116   -0.6822   32.0546  279.6422
2018  340.03041  118   -0.7712   32.0825  278.8101
2018  340.03031  120   -0.8371   32.1047  277.4454
2018  340.03023  122   -0.9327   32.1320  276.1995
2018  340.03013  124   -0.9366   32.1549  274.6055
2018  340.03003  126   -0.9586   32.1791  273.1942
2018  340.02995  128   -1.0013   32.2159  272.1184
2018  340.02986  130   -1.0094   32.2336  271.0199
2018  340.02977  132   -1.0236   32.2570  269.8766
2018  340.02967  134   -1.0347   32.2782  268.5216
2018  340.02957  136   -1.0593   32.3061  267.1424
2018  340.02948  138   -1.0849   32.3389  266.0536
2018  340.02939  140   -1.1000   32.3639  265.0894
2018  340.02931  142   -1.1242   32.3888  264.3413
2018  340.02921  144   -1.1463   32.4170  263.6212
2018  340.02912  146   -1.1713   32.4497  262.6162
2018  340.02903  148   -1.2047   32.4737  261.8154
2018  340.02894  150   -1.2229   32.4919  261.0385
2018  340.02884  152   -1.2396   32.5138  260.4480
2018  340.02875  154   -1.2657   32.5342  259.7410
2018  340.02866  156   -1.2873   32.5480  258.9605
2018  340.02856  158   -1.3053   32.5698  258.3958
2018  340.02848  160   -1.3273   32.5954  258.0771
2018  340.02838  162   -1.3529   32.6148  258.0173
2018  340.02828  164   -1.3732   32.6370  258.2334
2018  340.02820  166   -1.3879   32.6577  258.4189
2018  340.02810  168   -1.3982   32.6749  258.4959
2018  340.02801  170   -1.4116   32.6907  258.4628
2018  340.02792  172   -1.4276   32.7084  258.3664
2018  340.02784  174   -1.4446   32.7275  258.2533
2018  340.02774  176   -1.4545   32.7486  258.0090
2018  340.02764  178   -1.4593   32.7708  257.7802
2018  340.02756  180   -1.4684   32.7922  257.5792
2018  340.02746  182   -1.4723   32.8147  257.4112
2018  340.02736  184   -1.4813   32.8395  257.2598
2018  340.02728  186   -1.4835   32.8599  257.0892
2018  340.02720  188   -1.4885   32.8805  256.7602
2018  340.02710  190   -1.4933   32.9040  256.3305
2018  340.02701  192   -1.4960   32.9323  255.9516
2018  340.02692  194   -1.4942   32.9634  255.6108
2018  340.02682  196   -1.4957   32.9933  255.3642
2018  340.02673  198   -1.4986   33.0213  255.2020
2018  340.02664  200   -1.4973   33.0474  255.0397
2018  340.02655  202   -1.4952   33.0757  254.9729
2018  340.02645  204   -1.4907   33.1018  254.9243
2018  340.02637  206   -1.4859   33.1238  254.9892
2018  340.02627  208   -1.4811   33.1473  255.0378
2018  340.02617  210   -1.4763   33.1692  254.9018
2018  340.02609  212   -1.4715   33.1928  254.8012
2018  340.02599  214   -1.4618   33.2260  254.4900
2018  340.02590  216   -1.4501   33.2594  254.1004
2018  340.02581  218   -1.4379   33.2948  253.5930
2018  340.02573  220   -1.4231   33.3297  252.8883
2018  340.02563  222   -1.4007   33.3713  251.9202
2018  340.02553  224   -1.3777   33.4119  250.8160
2018  340.02545  226   -1.3529   33.4522  249.9249
2018  340.02535  228   -1.3264   33.4942  249.0638
2018  340.02525  230   -1.3062   33.5313  248.1765
2018  340.02517  232   -1.2810   33.5695  247.3417
2018  340.02508  234   -1.2445   33.6188  246.6182
2018  340.02498  236   -1.2116   33.6635  246.0258
2018  340.02489  238   -1.1696   33.7246  245.5869
2018  340.02481  240   -1.1304   33.7735  245.3431
2018  340.02471  242   -1.1007   33.8111  245.3998
2018  340.02461  244   -1.0628   33.8578  245.7042
2018  340.02453  246   -1.0270   33.9062  245.9733
2018  340.02444  248   -0.9861   33.9501  246.4723
2018  340.02434  250   -0.9451   33.9933  247.0686
2018  340.02426  252   -0.9196   34.0279  247.6765
2018  340.02416  254   -0.8930   34.0532  248.3911
2018  340.02406  256   -0.8601   34.0837  249.0801
2018  340.02398  258   -0.8067   34.1235  249.5681
2018  340.02389  260   -0.7494   34.1542  249.8921
2018  340.02380  262   -0.7240   34.1767  250.3539
2018  340.02370  264   -0.6981   34.1997  250.9457
2018  340.02361  266   -0.6643   34.2220  251.2217
2018  340.02352  268   -0.6367   34.2445  251.4338
2018  340.02342  270   -0.6029   34.2636  251.6084
2018  340.02334  272   -0.5582   34.2821  251.6869
2018  340.02324  274   -0.5142   34.3020  251.6745
2018  340.02314  276   -0.4800   34.3185  251.7460
2018  340.02306  278   -0.4619   34.3324  251.7291
2018  340.02298  280   -0.4428   34.3460  251.8023
2018  340.02288  282   -0.4202   34.3598  251.8637
2018  340.02278  284   -0.3888   34.3773  251.9447
2018  340.02270  286   -0.3544   34.3931  252.0352
2018  340.02260  288   -0.3092   34.4078  252.1313
2018  340.02250  290   -0.2771   34.4218  252.2636
2018  340.02242  292   -0.2525   34.4338  252.4025
2018  340.02234  294   -0.2201   34.4485  252.5359
2018  340.02224  296   -0.1642   34.4629  252.5772
2018  340.02215  298   -0.1293   34.4739  252.7415
2018  340.02206  300   -0.1036   34.4864  252.8692
2018  340.02196  302   -0.0990   34.4977  253.2550
2018  340.02187  304   -0.0704   34.5114  253.6267
2018  340.02178  306   -0.0241   34.5230  253.9321
2018  340.02170  308    0.0210   34.5327  254.0929
2018  340.02160  310    0.0315   34.5401  254.5943
2018  340.02150  312    0.0636   34.5553  255.0292
2018  340.02142  314    0.0841   34.5647  255.4706
2018  340.02133  316    0.1147   34.5753  255.8923
2018  340.02123  318    0.1298   34.5838  256.2899
2018  340.02114  320    0.1701   34.5979  256.3554
2018  340.02106  322    0.1755   34.6028  256.6511
2018  340.02096  324    0.1949   34.6130  257.0607
2018  340.02086  326    0.2237   34.6216  257.1155
2018  340.02078  328    0.2466   34.6283  256.8210
2018  340.02070  330    0.2453   34.6291  256.6483
2018  340.02060  332    0.2437   34.6312  256.6656
2018  340.02051  334    0.2643   34.6418  257.0682
2018  340.02042  336    0.2793   34.6492  257.4891
2018  340.02034  338    0.3130   34.6607  257.5887
2018  340.02024  340    0.3247   34.6651  257.9132
2018  340.02014  342    0.3548   34.6753  258.2476
2018  340.02006  344    0.3665   34.6810  258.7112
2018  340.01996  346    0.3786   34.6855  259.5344
2018  340.01986  348    0.4119   34.6968  260.1577
2018  340.01978  350    0.4351   34.7060  260.7086
2018  340.01970  352    0.4544   34.7132  261.1684
2018  340.01960  354    0.4561   34.7154  261.6639
2018  340.01951  356    0.4785   34.7243  261.9786
2018  340.01942  358    0.4851   34.7260  262.2538
2018  340.01934  360    0.4915   34.7281  262.5228
2018  340.01924  362    0.5007   34.7325  263.0837
2018  340.01914  364    0.5349   34.7446  263.4797
2018  340.01906  366    0.5496   34.7483  264.1302
2018  340.01898  368    0.5815   34.7570  264.5005
2018  340.01888  370    0.6089   34.7639  264.4237
2018  340.01878  372    0.6097   34.7643  264.4351
2018  340.01870  374    0.6099   34.7643  264.5272
2018  340.01860  376    0.6097   34.7641  264.5945
2018  340.01850  378    0.6079   34.7642  264.7124
2018  340.01842  380    0.6069   34.7642  264.9120
2018  340.01834  382    0.6041   34.7641  265.1270
2018  340.01824  384    0.5852   34.7661  265.4723
2018  340.01814  386    0.5992   34.7696  265.8396
2018  340.01806  388    0.6270   34.7752  265.9796
2018  340.01798  390    0.6226   34.7768  266.3130
2018  340.01788  392    0.6319   34.7800  266.5261
2018  340.01778  394    0.6747   34.7861  266.3789
2018  340.01770  396    0.6782   34.7863  266.3620
2018  340.01762  398    0.6782   34.7860  266.3642
2018  340.01752  400    0.6763   34.7860  266.3701
2018  340.01742  402    0.6740   34.7858  266.3202
2018  340.01734  404    0.6715   34.7855  266.4137
2018  340.01725  406    0.6704   34.7855  266.4439
2018  340.01716  408    0.6688   34.7853  266.5238
2018  340.01706  410    0.6681   34.7848  266.4908
2018  340.01698  412    0.6616   34.7845  266.5026
2018  340.01689  414    0.6498   34.7847  266.4202
2018  340.01681  416    0.6441   34.7846  266.4077
2018  340.01671  418    0.6383   34.7848  266.4905
2018  340.01662  420    0.6323   34.7852  266.5564
2018  340.01653  422    0.6317   34.7855  266.5650
2018  340.01645  424    0.6319   34.7863  266.5921
2018  340.01635  426    0.6321   34.7871  266.6409
2018  340.01625  428    0.6333   34.7899  266.6464
2018  340.01617  430    0.6789   34.7953  266.5927
2018  340.01609  432    0.7019   34.8015  266.7095
2018  340.01599  434    0.7214   34.8064  266.9080
2018  340.01590  436    0.7216   34.8068  267.2270
2018  340.01581  438    0.7130   34.8075  267.6085
2018  340.01573  440    0.7077   34.8091  268.0141
2018  340.01563  442    0.7242   34.8117  268.0350
2018  340.01554  444    0.7398   34.8139  267.9852
2018  340.01545  446    0.7336   34.8145  267.9677
2018  340.01537  448    0.7274   34.8148  268.0308
2018  340.01528  450    0.7246   34.8151  268.2466
2018  340.01519  452    0.7238   34.8158  268.2635
2018  340.01509  454    0.7233   34.8160  268.2695
2018  340.01500  456    0.7235   34.8164  268.3680
2018  340.01492  458    0.7274   34.8173  268.4738
2018  340.01482  460    0.7456   34.8191  268.3631
2018  340.01473  462    0.7509   34.8195  268.3445
2018  340.01465  464    0.7503   34.8194  268.3529
2018  340.01456  466    0.7499   34.8193  268.3242
2018  340.01448  468    0.7488   34.8189  268.2734
2018  340.01438  470    0.7435   34.8195  268.3280
2018  340.01428  472    0.7421   34.8195  268.4896
2018  340.01420  474    0.7421   34.8194  268.5593
2018  340.01412  476    0.7426   34.8203  268.7021
2018  340.01403  478    0.7455   34.8210  268.7415
2018  340.01394  480    0.7629   34.8232  268.7149
2018  340.01384  482    0.7712   34.8240  268.7301
2018  340.01375  484    0.7713   34.8238  268.7384
2018  340.01367  486    0.7711   34.8236  268.7372
2018  340.01357  488    0.7705   34.8238  268.7901
2018  340.01348  490    0.7694   34.8234  268.7805
2018  340.01340  492    0.7673   34.8233  268.8077
2018  340.01331  494    0.7660   34.8233  268.8218
2018  340.01323  496    0.7639   34.8234  268.7719
2018  340.01313  498    0.7621   34.8235  268.8649
2018  340.01303  500    0.7581   34.8235  268.9066
2018  340.01295  502    0.7536   34.8237  268.9889
2018  340.01287  504    0.7528   34.8238  269.0909
2018  340.01278  506    0.7529   34.8244  269.2214
2018  340.01269  508    0.7591   34.8252  269.3100
2018  340.01259  510    0.7693   34.8268  269.4213
2018  340.01250  512    0.7676   34.8266  269.6513
2018  340.01242  514    0.7711   34.8280  269.9213
2018  340.01234  516    0.7731   34.8289  270.0905
2018  340.01224  518    0.7809   34.8308  270.2130
2018  340.01215  520    0.7825   34.8313  270.3616
2018  340.01206  522    0.7846   34.8320  270.4371
2018  340.01198  524    0.7847   34.8318  270.5563
2018  340.01189  526    0.7823   34.8324  270.6700
2018  340.01180  528    0.7808   34.8333  270.7504
2018  340.01170  530    0.7685   34.8330  270.9144
2018  340.01162  532    0.7636   34.8339  271.1348
2018  340.01153  534    0.7603   34.8349  271.2824
2018  340.01145  536    0.7587   34.8352  271.4357
2018  340.01135  538    0.7592   34.8361  271.4840
2018  340.01125  540    0.7594   34.8365  271.5733
2018  340.01117  542    0.7583   34.8369  271.6085
2018  340.01109  544    0.7579   34.8376  271.5818
2018  340.01100  546    0.7568   34.8373  271.5894
2018  340.01091  548    0.7549   34.8377  271.6068
2018  340.01081  550    0.7531   34.8376  271.6336
2018  340.01073  552    0.7511   34.8377  271.5851
2018  340.01064  554    0.7477   34.8382  271.5030
2018  340.01056  556    0.7437   34.8385  271.4507
2018  340.01048  558    0.7410   34.8379  271.4239
2018  340.01038  560    0.7371   34.8379  271.3881
2018  340.01028  562    0.7339   34.8378  271.3192
2018  340.01020  564    0.7281   34.8383  271.2532
2018  340.01012  566    0.7228   34.8382  271.1894
2018  340.01003  568    0.7182   34.8380  271.1474
2018  340.00995  570    0.7144   34.8378  271.1210
2018  340.00985  572    0.7094   34.8378  271.0631
2018  340.00975  574    0.7027   34.8379  271.1436
2018  340.00967  576    0.6971   34.8378  271.1939
2018  340.00959  578    0.6903   34.8384  271.2481
2018  340.00951  580    0.6872   34.8382  271.2620
2018  340.00941  582    0.6843   34.8384  271.2256
2018  340.00931  584    0.6790   34.8390  271.1946
2018  340.00923  586    0.6743   34.8388  271.1658
2018  340.00914  588    0.6690   34.8385  271.2443
2018  340.00906  590    0.6629   34.8385  271.3501
2018  340.00898  592    0.6551   34.8388  271.5627
2018  340.00889  594    0.6512   34.8394  271.5737
2018  340.00880  596    0.6499   34.8395  271.5485
2018  340.00870  598    0.6442   34.8398  271.5581
2018  340.00861  600    0.6407   34.8401  271.4579
2018  340.00853  602    0.6352   34.8402  271.3405
2018  340.00845  604    0.6301   34.8401  271.3318
2018  340.00836  606    0.6280   34.8402  271.2282
2018  340.00827  608    0.6242   34.8399  271.1123
2018  340.00817  610    0.6183   34.8401  270.9945
2018  340.00809  612    0.6134   34.8399  270.8660
2018  340.00801  614    0.6081   34.8398  270.7503
2018  340.00792  616    0.6015   34.8398  270.6639
2018  340.00784  618    0.5970   34.8396  270.5950
2018  340.00774  620    0.5914   34.8397  270.5249
2018  340.00764  622    0.5870   34.8393  270.3848
2018  340.00756  624    0.5815   34.8397  270.4078
2018  340.00748  626    0.5770   34.8396  270.3768
2018  340.00739  628    0.5733   34.8397  270.3596
2018  340.00731  630    0.5702   34.8395  270.3212
2018  340.00723  632    0.5665   34.8395  270.3774
2018  340.00713  634    0.5618   34.8394  270.5077
2018  340.00703  636    0.5577   34.8394  270.6894
2018  340.00695  638    0.5541   34.8394  270.9962
2018  340.00687  640    0.5507   34.8398  271.3082
2018  340.00678  642    0.5482   34.8403  271.6199
2018  340.00670  644    0.5456   34.8410  271.7766
2018  340.00662  646    0.5431   34.8418  271.8146
2018  340.00652  648    0.5403   34.8423  271.8235
2018  340.00642  650    0.5363   34.8425  271.8828
2018  340.00634  652    0.5344   34.8424  271.9963
2018  340.00625  654    0.5326   34.8424  272.0783
2018  340.00617  656    0.5289   34.8431  272.2171
2018  340.00609  658    0.5264   34.8435  272.3377
2018  340.00600  660    0.5245   34.8436  272.4278
2018  340.00592  662    0.5199   34.8439  272.5466
2018  340.00584  664    0.5180   34.8442  272.6288
2018  340.00574  666    0.5146   34.8447  272.6561
2018  340.00564  668    0.5112   34.8453  272.6029
2018  340.00556  670    0.5082   34.8456  272.5524
2018  340.00548  672    0.5050   34.8461  272.4796
2018  340.00539  674    0.5016   34.8462  272.4686
2018  340.00531  676    0.4991   34.8464  272.4475
2018  340.00523  678    0.4966   34.8465  272.3533
2018  340.00514  680    0.4932   34.8466  272.1881
2018  340.00506  682    0.4904   34.8469  271.9614
2018  340.00496  684    0.4875   34.8470  271.6986
2018  340.00486  686    0.4838   34.8473  271.5869
2018  340.00478  688    0.4803   34.8473  271.5482
2018  340.00470  690    0.4769   34.8473  271.6817
2018  340.00461  692    0.4732   34.8474  271.8668
2018  340.00453  694    0.4703   34.8475  271.9610
2018  340.00445  696    0.4671   34.8477  271.9232
2018  340.00437  698    0.4631   34.8480  271.8561
2018  340.00428  700    0.4606   34.8482  271.8886
2018  340.00420  702    0.4575   34.8484  271.9172
2018  340.00412  704    0.4539   34.8487  272.0534
2018  340.00402  706    0.4514   34.8489  272.0855
2018  340.00392  708    0.4484   34.8491  272.1534
2018  340.00384  710    0.4450   34.8495  272.1520
2018  340.00375  712    0.4421   34.8495  272.2204
2018  340.00367  714    0.4399   34.8496  272.2588
2018  340.00359  716    0.4380   34.8497  272.3824
2018  340.00350  718    0.4356   34.8498  272.4185
2018  340.00342  720    0.4325   34.8501  272.4752
2018  340.00334  722    0.4293   34.8501  272.4334
2018  340.00326  724    0.4270   34.8502  272.3610
2018  340.00317  726    0.4241   34.8504  272.3490
2018  340.00309  728    0.4214   34.8507  272.3838
2018  340.00301  730    0.4188   34.8508  272.4328
2018  340.00292  732    0.4167   34.8507  272.5191
2018  340.00282  734    0.4146   34.8507  272.5630
2018  340.00273  736    0.4110   34.8509  272.5817
2018  340.00264  738    0.4092   34.8511  272.5689
2018  340.00256  740    0.4068   34.8511  272.5218
2018  340.00248  742    0.4037   34.8512  272.4393
2018  340.00239  744    0.4020   34.8514  272.3300
2018  340.00231  746    0.3999   34.8513  272.3034
2018  340.00223  748    0.3966   34.8516  272.3183
2018  340.00215  750    0.3921   34.8518  272.2600
2018  340.00206  752    0.3884   34.8518  272.1669
2018  340.00198  754    0.3853   34.8518  272.0670
2018  340.00189  756    0.3827   34.8522  272.1537
2018  340.00182  758    0.3802   34.8524  272.0692
2018  340.00177  760    0.3757   34.8527  272.0207
%endofdat
