%ITP 110, profile 548: year day longitude(E+) latitude(N+) ndepths
2019  172.25141  -142.9293  74.1649  340 0
%year day pressure(dbar) temperature(C) salinity oxygen(umol/kg)
2019  172.25179   82    0.1292   30.1549  346.7395
2019  172.25187   84    0.0658   30.3643  345.4904
2019  172.25196   86    0.0211   30.4740  344.0727
2019  172.25206   88    0.0012   30.5718  342.0012
2019  172.25216   90    0.0135   30.6631  339.3050
2019  172.25224   92   -0.0195   30.7223  336.2022
2019  172.25234   94   -0.0945   30.7855  333.2143
2019  172.25244   96   -0.1936   30.8657  330.0081
2019  172.25253   98   -0.2440   30.9324  326.0332
2019  172.25263  100   -0.1773   30.9722  321.4225
2019  172.25273  102   -0.1603   31.0186  317.8172
2019  172.25283  104   -0.1674   31.0947  314.7059
2019  172.25292  106   -0.2087   31.1538  312.1759
2019  172.25302  108   -0.4022   31.2056  310.4473
2019  172.25311  110   -0.4743   31.2472  308.8653
2019  172.25320  112   -0.5835   31.2883  307.9294
2019  172.25330  114   -0.6442   31.3408  306.9980
2019  172.25340  116   -0.5970   31.3901  305.7770
2019  172.25349  118   -0.5653   31.4356  304.3819
2019  172.25359  120   -0.5500   31.4902  302.5514
2019  172.25369  122   -0.5934   31.5251  300.5739
2019  172.25378  124   -0.6914   31.5611  298.9999
2019  172.25388  126   -0.7165   31.5984  297.5839
2019  172.25398  128   -0.7566   31.6397  296.4485
2019  172.25408  130   -0.8807   31.6865  295.3323
2019  172.25417  132   -0.9531   31.7201  293.9445
2019  172.25427  134   -0.9888   31.7513  292.6620
2019  172.25437  136   -1.0256   31.7818  291.3740
2019  172.25446  138   -1.0655   31.8113  290.0384
2019  172.25456  140   -1.0906   31.8442  288.7783
2019  172.25466  142   -1.1127   31.8693  287.3689
2019  172.25476  144   -1.1360   31.8959  285.9179
2019  172.25485  146   -1.1442   31.9200  284.5023
2019  172.25495  148   -1.1296   31.9400  282.9215
2019  172.25505  150   -1.1419   31.9599  281.3233
2019  172.25514  152   -1.1524   31.9780  279.9192
2019  172.25524  154   -1.1674   31.9971  278.7034
2019  172.25533  156   -1.1849   32.0182  277.7696
2019  172.25542  158   -1.1967   32.0357  276.9363
2019  172.25552  160   -1.2098   32.0563  276.0958
2019  172.25562  162   -1.2246   32.0799  275.2824
2019  172.25571  164   -1.2375   32.1018  274.3392
2019  172.25581  166   -1.2489   32.1209  273.4565
2019  172.25591  168   -1.2659   32.1416  272.7121
2019  172.25601  170   -1.2868   32.1647  272.0651
2019  172.25610  172   -1.3021   32.1869  271.6666
2019  172.25620  174   -1.3146   32.2052  271.2327
2019  172.25630  176   -1.3196   32.2194  270.7177
2019  172.25639  178   -1.3441   32.2365  270.0705
2019  172.25649  180   -1.3564   32.2548  269.9942
2019  172.25659  182   -1.3528   32.2688  270.2169
2019  172.25669  184   -1.3628   32.2895  269.7144
2019  172.25679  186   -1.3725   32.3097  269.0814
2019  172.25688  188   -1.3746   32.3252  268.5033
2019  172.25696  190   -1.3802   32.3439  267.6060
2019  172.25706  192   -1.3911   32.3635  266.2171
2019  172.25717  194   -1.4010   32.3815  265.1580
2019  172.25727  196   -1.4083   32.3990  264.8137
2019  172.25735  198   -1.4160   32.4162  264.6832
2019  172.25745  200   -1.4226   32.4381  264.4495
2019  172.25755  202   -1.4296   32.4629  263.9550
2019  172.25764  204   -1.4358   32.4890  263.2628
2019  172.25774  206   -1.4396   32.5133  262.4212
2019  172.25784  208   -1.4440   32.5346  261.4956
2019  172.25794  210   -1.4475   32.5578  260.5577
2019  172.25804  212   -1.4510   32.5828  259.6421
2019  172.25813  214   -1.4535   32.6033  258.8884
2019  172.25821  216   -1.4550   32.6185  258.3139
2019  172.25832  218   -1.4584   32.6377  257.8423
2019  172.25841  220   -1.4596   32.6549  257.3876
2019  172.25851  222   -1.4601   32.6698  256.9907
2019  172.25860  224   -1.4606   32.6882  256.6975
2019  172.25870  226   -1.4599   32.7119  256.3485
2019  172.25880  228   -1.4570   32.7441  255.9789
2019  172.25889  230   -1.4509   32.7711  255.5400
2019  172.25899  232   -1.4461   32.7944  255.0660
2019  172.25909  234   -1.4411   32.8205  254.6311
2019  172.25919  236   -1.4388   32.8488  254.2480
2019  172.25929  238   -1.4284   32.8816  253.7790
2019  172.25938  240   -1.4185   32.9203  253.2324
2019  172.25946  242   -1.4089   32.9540  252.8366
2019  172.25956  244   -1.3898   32.9867  252.3810
2019  172.25966  246   -1.3589   33.0311  251.8619
2019  172.25976  248   -1.3295   33.0793  251.3502
2019  172.25985  250   -1.3080   33.1193  250.8509
2019  172.25995  252   -1.2843   33.1626  250.2741
2019  172.26005  254   -1.2595   33.2119  249.6953
2019  172.26014  256   -1.2437   33.2548  249.1111
2019  172.26024  258   -1.2140   33.3038  248.4069
2019  172.26034  260   -1.1966   33.3540  247.7800
2019  172.26044  262   -1.2035   33.3951  247.4100
2019  172.26054  264   -1.1739   33.4356  247.5478
2019  172.26063  266   -1.1529   33.4621  247.9688
2019  172.26073  268   -1.1308   33.4910  247.5023
2019  172.26083  270   -1.1016   33.5280  246.9994
2019  172.26092  272   -1.0719   33.5650  246.4191
2019  172.26104  274   -1.0347   33.6051  245.4731
2019  172.26113  276   -1.0048   33.6385  244.7941
2019  172.26123  278   -0.9688   33.6778  244.3757
2019  172.26133  280   -0.9353   33.7108  244.2515
2019  172.26142  282   -0.8929   33.7425  244.3312
2019  172.26153  284   -0.8371   33.7774  244.2596
2019  172.26163  286   -0.8072   33.8128  244.1777
2019  172.26173  288   -0.7639   33.8514  244.3289
2019  172.26182  290   -0.7144   33.8858  244.9227
2019  172.26192  292   -0.6550   33.9164  245.5923
2019  172.26203  294   -0.6272   33.9363  246.2313
2019  172.26213  296   -0.5970   33.9637  246.5949
2019  172.26223  298   -0.5356   33.9903  247.1407
2019  172.26233  300   -0.4865   34.0159  247.6388
2019  172.26242  302   -0.4687   34.0390  248.1624
2019  172.26253  304   -0.4140   34.0596  248.7656
2019  172.26264  306   -0.3721   34.0752  249.3003
2019  172.26274  308   -0.3399   34.0909  249.5085
2019  172.26284  310   -0.3141   34.1061  249.7439
2019  172.26294  312   -0.2928   34.1185  249.9669
2019  172.26304  314   -0.2682   34.1312  250.2271
2019  172.26315  316   -0.2461   34.1433  250.4333
2019  172.26324  318   -0.2250   34.1565  250.6125
2019  172.26334  320   -0.1838   34.1741  250.7448
2019  172.26344  322   -0.1542   34.1881  251.0819
2019  172.26354  324   -0.1379   34.1998  251.5663
2019  172.26365  326   -0.1273   34.2074  251.9426
2019  172.26374  328   -0.1141   34.2163  252.1694
2019  172.26384  330   -0.0951   34.2259  252.3273
2019  172.26395  332   -0.0719   34.2342  252.5126
2019  172.26406  334   -0.0467   34.2462  252.6977
2019  172.26416  336   -0.0207   34.2572  252.8304
2019  172.26426  338    0.0037   34.2699  252.9662
2019  172.26437  340    0.0342   34.2823  253.2803
2019  172.26446  342    0.0592   34.2921  253.7220
2019  172.26456  344    0.0833   34.3010  254.0369
2019  172.26467  346    0.1033   34.3098  254.3383
2019  172.26477  348    0.1271   34.3193  254.5637
2019  172.26487  350    0.1462   34.3276  254.5794
2019  172.26497  352    0.1677   34.3350  254.7741
2019  172.26506  354    0.1826   34.3424  254.9339
2019  172.26517  356    0.1963   34.3510  255.0758
2019  172.26528  358    0.2166   34.3585  255.2078
2019  172.26538  360    0.2363   34.3647  255.4507
2019  172.26548  362    0.2538   34.3723  255.7635
2019  172.26559  364    0.2722   34.3814  255.9069
2019  172.26570  366    0.2920   34.3892  255.5977
2019  172.26580  368    0.3070   34.3956  255.2893
2019  172.26590  370    0.3213   34.4010  255.2817
2019  172.26601  372    0.3410   34.4088  255.5551
2019  172.26610  374    0.3542   34.4151  255.6556
2019  172.26620  376    0.3664   34.4207  255.4500
2019  172.26630  378    0.3742   34.4251  255.2036
2019  172.26639  380    0.3862   34.4308  254.7084
2019  172.26651  382    0.4070   34.4369  254.4680
2019  172.26662  384    0.4195   34.4426  255.1374
2019  172.26673  386    0.4389   34.4494  255.5407
2019  172.26682  388    0.4545   34.4551  255.9226
2019  172.26692  390    0.4645   34.4596  256.4204
2019  172.26703  392    0.4740   34.4632  257.0695
2019  172.26715  394    0.4821   34.4669  257.9091
2019  172.26724  396    0.4961   34.4717  258.6347
2019  172.26734  398    0.5087   34.4768  258.9745
2019  172.26745  400    0.5187   34.4815  259.2349
2019  172.26755  402    0.5269   34.4853  259.4316
2019  172.26764  404    0.5359   34.4896  259.4683
2019  172.26776  406    0.5466   34.4943  259.3212
2019  172.26785  408    0.5575   34.4989  259.3482
2019  172.26795  410    0.5719   34.5032  259.6847
2019  172.26806  412    0.5831   34.5060  260.4305
2019  172.26817  414    0.5809   34.5065  261.3735
2019  172.26827  416    0.5894   34.5091  261.9123
2019  172.26837  418    0.5965   34.5108  262.1009
2019  172.26848  420    0.6022   34.5131  262.2073
2019  172.26858  422    0.6073   34.5152  262.3650
2019  172.26867  424    0.6100   34.5163  262.6365
2019  172.26878  426    0.6107   34.5167  262.9408
2019  172.26889  428    0.6184   34.5193  263.0174
2019  172.26901  430    0.6215   34.5203  263.2629
2019  172.26910  432    0.6252   34.5219  263.4780
2019  172.26920  434    0.6307   34.5242  263.6086
2019  172.26931  436    0.6324   34.5250  263.8264
2019  172.26942  438    0.6368   34.5265  264.0324
2019  172.26953  440    0.6379   34.5272  264.2442
2019  172.26963  442    0.6395   34.5278  264.3671
2019  172.26973  444    0.6425   34.5287  264.4757
2019  172.26984  446    0.6471   34.5307  264.5604
2019  172.26994  448    0.6523   34.5328  264.3866
2019  172.27003  450    0.6599   34.5350  264.1868
2019  172.27014  452    0.6638   34.5370  264.1913
2019  172.27026  454    0.6700   34.5409  264.2137
2019  172.27037  456    0.6705   34.5430  263.8698
2019  172.27048  458    0.6766   34.5467  263.3025
2019  172.27059  460    0.6819   34.5486  262.9959
2019  172.27070  462    0.6909   34.5512  263.0211
2019  172.27081  464    0.7010   34.5539  263.2668
2019  172.27092  466    0.7063   34.5553  264.0633
2019  172.27102  468    0.7071   34.5559  264.7669
2019  172.27112  470    0.7124   34.5581  265.1657
2019  172.27123  472    0.7154   34.5592  265.5616
2019  172.27133  474    0.7156   34.5594  266.0647
2019  172.27142  476    0.7156   34.5597  266.3497
2019  172.27153  478    0.7157   34.5598  266.5106
2019  172.27165  480    0.7159   34.5601  266.6254
2019  172.27176  482    0.7158   34.5604  266.6052
2019  172.27186  484    0.7173   34.5612  266.6314
2019  172.27195  486    0.7184   34.5618  266.7064
2019  172.27206  488    0.7171   34.5615  266.7438
2019  172.27217  490    0.7178   34.5625  266.8168
2019  172.27229  492    0.7207   34.5636  266.7713
2019  172.27240  494    0.7255   34.5650  266.6014
2019  172.27251  496    0.7290   34.5665  266.5255
2019  172.27260  498    0.7330   34.5681  266.5095
2019  172.27270  500    0.7368   34.5698  266.7176
2019  172.27280  502    0.7371   34.5700  266.9655
2019  172.27290  504    0.7382   34.5705  267.2046
2019  172.27301  506    0.7394   34.5712  267.3452
2019  172.27312  508    0.7394   34.5716  267.4897
2019  172.27321  510    0.7403   34.5720  267.5933
2019  172.27331  512    0.7420   34.5724  267.6824
2019  172.27341  514    0.7409   34.5726  267.7734
2019  172.27351  516    0.7394   34.5729  267.8183
2019  172.27362  518    0.7371   34.5731  267.9141
2019  172.27373  520    0.7354   34.5731  267.9980
2019  172.27383  522    0.7342   34.5732  267.9719
2019  172.27392  524    0.7328   34.5733  267.9558
2019  172.27403  526    0.7309   34.5734  267.9695
2019  172.27415  528    0.7286   34.5732  267.9636
2019  172.27424  530    0.7266   34.5733  267.9407
2019  172.27434  532    0.7255   34.5733  267.8757
2019  172.27445  534    0.7249   34.5735  267.8600
2019  172.27456  536    0.7231   34.5734  267.8188
2019  172.27466  538    0.7212   34.5736  267.8458
2019  172.27477  540    0.7185   34.5735  267.8138
2019  172.27490  542    0.7161   34.5735  267.6737
2019  172.27499  544    0.7148   34.5737  267.5914
2019  172.27509  546    0.7124   34.5750  267.4590
2019  172.27520  548    0.7167   34.5764  267.2180
2019  172.27531  550    0.7157   34.5778  267.1457
2019  172.27541  552    0.7149   34.5787  267.2137
2019  172.27551  554    0.7140   34.5800  267.2964
2019  172.27561  556    0.7155   34.5813  267.3854
2019  172.27570  558    0.7174   34.5822  267.5611
2019  172.27581  560    0.7173   34.5838  267.8279
2019  172.27591  562    0.7135   34.5840  268.1001
2019  172.27601  564    0.7099   34.5841  268.2013
2019  172.27612  566    0.7093   34.5853  268.1831
2019  172.27622  568    0.7113   34.5864  268.2435
2019  172.27631  570    0.7106   34.5876  268.4710
2019  172.27642  572    0.7079   34.5883  268.8102
2019  172.27653  574    0.7069   34.5890  269.0169
2019  172.27665  576    0.7118   34.5904  269.2083
2019  172.27676  578    0.7095   34.5913  269.6792
2019  172.27686  580    0.7056   34.5916  270.0873
2019  172.27695  582    0.7007   34.5918  270.2574
2019  172.27706  584    0.6962   34.5918  270.3203
2019  172.27717  586    0.6937   34.5920  270.3355
2019  172.27727  588    0.6864   34.5920  270.3801
2019  172.27737  590    0.6788   34.5919  270.3366
2019  172.27748  592    0.6719   34.5916  270.2297
2019  172.27759  594    0.6735   34.5928  270.0214
2019  172.27769  596    0.6726   34.5927  270.1022
2019  172.27778  598    0.6642   34.5925  270.3278
2019  172.27790  600    0.6590   34.5925  270.3571
2019  172.27801  602    0.6567   34.5928  270.2910
2019  172.27812  604    0.6522   34.5927  270.2908
2019  172.27823  606    0.6473   34.5933  270.3216
2019  172.27833  608    0.6419   34.5936  270.3874
2019  172.27842  610    0.6359   34.5937  270.4460
2019  172.27854  612    0.6327   34.5938  270.3978
2019  172.27865  614    0.6271   34.5942  270.4098
2019  172.27874  616    0.6247   34.5945  270.4362
2019  172.27884  618    0.6217   34.5950  270.4694
2019  172.27895  620    0.6181   34.5953  270.5582
2019  172.27907  622    0.6144   34.5959  270.6772
2019  172.27916  624    0.6110   34.5962  270.8249
2019  172.27926  626    0.6080   34.5965  270.9872
2019  172.27937  628    0.6044   34.5962  271.1484
2019  172.27948  630    0.6004   34.5965  271.1742
2019  172.27958  632    0.5962   34.5966  271.1409
2019  172.27967  634    0.5915   34.5966  271.1042
2019  172.27979  636    0.5868   34.5966  271.0792
2019  172.27990  638    0.5817   34.5967  271.0309
2019  172.28001  640    0.5757   34.5966  270.9886
2019  172.28010  642    0.5712   34.5968  270.9139
2019  172.28020  644    0.5669   34.5966  270.8913
2019  172.28031  646    0.5620   34.5967  270.8611
2019  172.28041  648    0.5576   34.5968  270.8224
2019  172.28051  650    0.5541   34.5968  270.7612
2019  172.28062  652    0.5512   34.5967  270.6910
2019  172.28073  654    0.5467   34.5967  270.6629
2019  172.28084  656    0.5417   34.5969  270.6371
2019  172.28094  658    0.5376   34.5974  270.5899
2019  172.28104  660    0.5337   34.5977  270.5471
2019  172.28115  662    0.5313   34.5981  270.5309
2019  172.28124  664    0.5280   34.5986  270.6132
2019  172.28134  666    0.5240   34.5991  270.6843
2019  172.28145  668    0.5214   34.5995  270.8267
2019  172.28157  670    0.5183   34.6002  270.9215
2019  172.28166  672    0.5146   34.6008  271.1049
2019  172.28176  674    0.5135   34.6010  271.2743
2019  172.28187  676    0.5118   34.6013  271.3837
2019  172.28198  678    0.5083   34.6014  271.5939
2019  172.28209  680    0.5056   34.6018  271.6527
2019  172.28219  682    0.5018   34.6017  271.7005
2019  172.28229  684    0.4977   34.6021  271.6838
2019  172.28240  686    0.4932   34.6023  271.6264
2019  172.28251  688    0.4921   34.6029  271.5500
2019  172.28262  690    0.4906   34.6033  271.6304
2019  172.28273  692    0.4895   34.6037  271.6922
2019  172.28284  694    0.4884   34.6042  271.9121
2019  172.28295  696    0.4865   34.6043  272.0578
2019  172.28306  698    0.4837   34.6045  272.1900
2019  172.28317  700    0.4817   34.6046  272.2207
2019  172.28327  702    0.4790   34.6048  272.2142
2019  172.28337  704    0.4754   34.6053  272.1832
2019  172.28348  706    0.4719   34.6057  272.1484
2019  172.28359  708    0.4702   34.6061  272.1162
2019  172.28370  710    0.4678   34.6064  272.0753
2019  172.28381  712    0.4648   34.6065  272.0409
2019  172.28392  714    0.4615   34.6067  272.0073
2019  172.28403  716    0.4585   34.6069  271.9224
2019  172.28415  718    0.4548   34.6071  271.8988
2019  172.28424  720    0.4516   34.6073  271.8947
2019  172.28434  722    0.4499   34.6075  271.9163
2019  172.28447  724    0.4465   34.6080  271.9491
2019  172.28459  726    0.4446   34.6080  272.0398
2019  172.28470  728    0.4422   34.6086  272.0873
2019  172.28481  730    0.4403   34.6087  272.1443
2019  172.28492  732    0.4375   34.6091  272.2241
2019  172.28503  734    0.4334   34.6094  272.3200
2019  172.28514  736    0.4305   34.6095  272.3809
2019  172.28526  738    0.4281   34.6096  272.4038
2019  172.28535  740    0.4254   34.6099  272.4554
2019  172.28545  742    0.4231   34.6101  272.5401
2019  172.28556  744    0.4211   34.6102  272.6105
2019  172.28567  746    0.4178   34.6106  272.6597
2019  172.28578  748    0.4148   34.6104  272.7220
2019  172.28590  750    0.4120   34.6110  272.7331
2019  172.28599  752    0.4100   34.6111  272.7901
2019  172.28609  754    0.4077   34.6112  272.8376
2019  172.28620  756    0.4051   34.6114  272.8785
2019  172.28630  758    0.4024   34.6115  272.8941
2019  172.28638  760    0.3974   34.6116  272.9581
%endofdat
