%ITP 110, profile 113: year day longitude(E+) latitude(N+) ndepths
2018  320.00141  -133.2597  76.1139  375 0
%year day pressure(dbar) temperature(C) salinity oxygen(umol/kg)
2018  320.03480    8   -1.5665   28.6709  355.7533
2018  320.03470   10   -1.5667   28.6716  355.7210
2018  320.03460   12   -1.5670   28.6734  355.8019
2018  320.03452   14   -1.5671   28.6747  355.8223
2018  320.03444   16   -1.5673   28.6761  355.7843
2018  320.03434   18   -1.5673   28.6774  355.8063
2018  320.03424   20   -1.5675   28.6789  355.9073
2018  320.03416   22   -1.5674   28.6802  355.8977
2018  320.03408   24   -1.5673   28.6817  355.9248
2018  320.03398   26   -1.5672   28.6839  356.0376
2018  320.03388   28   -1.5674   28.6873  356.2434
2018  320.03380   30   -1.5674   28.6918  356.6302
2018  320.03370   32   -1.5674   28.6997  357.3638
2018  320.03360   34   -1.5671   28.7150  358.1994
2018  320.03352   36   -1.4860   29.0003  356.2307
2018  320.03344   38   -1.1746   29.6300  349.4292
2018  320.03334   40   -1.0310   29.8467  343.6398
2018  320.03324   42   -0.8209   30.1364  337.5803
2018  320.03316   44   -0.6106   30.3749  332.3136
2018  320.03307   46   -0.3662   30.5598  327.7734
2018  320.03299   48   -0.2051   30.7270  324.4489
2018  320.03290   50   -0.1390   30.8337  321.9110
2018  320.03280   52   -0.1513   30.9359  319.4746
2018  320.03272   54   -0.3210   31.0284  317.1695
2018  320.03263   56   -0.4521   31.1271  314.7647
2018  320.03253   58   -0.5167   31.2245  312.6915
2018  320.03244   60   -0.5427   31.2885  310.8009
2018  320.03235   62   -0.5882   31.3544  310.3717
2018  320.03227   64   -0.5437   31.4201  310.2292
2018  320.03219   66   -0.6174   31.4776  308.6044
2018  320.03209   68   -0.6519   31.5414  306.3794
2018  320.03199   70   -0.6702   31.5880  304.0367
2018  320.03191   72   -0.7003   31.6409  302.5276
2018  320.03182   74   -0.7266   31.6861  301.1581
2018  320.03174   76   -0.7376   31.7244  298.4905
2018  320.03165   78   -0.7827   31.7851  295.5418
2018  320.03155   80   -0.8747   31.8691  293.4991
2018  320.03147   82   -0.9306   31.9194  291.5998
2018  320.03138   84   -0.9612   31.9511  289.3687
2018  320.03130   86   -0.9998   31.9964  287.2618
2018  320.03120   88   -1.0392   32.0360  284.9816
2018  320.03110   90   -1.0715   32.0805  282.7809
2018  320.03102   92   -1.0326   32.1135  280.7124
2018  320.03094   94   -1.0081   32.1339  278.9783
2018  320.03085   96   -1.0509   32.1749  277.6724
2018  320.03076   98   -1.0848   32.2034  276.3052
2018  320.03066  100   -1.0788   32.2302  275.1413
2018  320.03057  102   -1.0746   32.2544  274.1064
2018  320.03049  104   -1.1053   32.2787  273.0888
2018  320.03040  106   -1.1693   32.3096  272.3035
2018  320.03030  108   -1.1804   32.3340  271.4452
2018  320.03022  110   -1.2302   32.3615  270.8152
2018  320.03013  112   -1.2345   32.3803  270.3833
2018  320.03005  114   -1.2709   32.4052  269.9215
2018  320.02995  116   -1.3073   32.4352  269.4336
2018  320.02985  118   -1.3419   32.4677  269.0047
2018  320.02977  120   -1.3706   32.4941  268.5161
2018  320.02969  122   -1.3780   32.5104  267.9819
2018  320.02959  124   -1.3899   32.5309  267.4350
2018  320.02949  126   -1.4023   32.5448  266.9523
2018  320.02941  128   -1.4012   32.5631  266.5892
2018  320.02932  130   -1.4263   32.5829  266.1697
2018  320.02924  132   -1.4359   32.5980  265.6961
2018  320.02915  134   -1.4442   32.6106  265.0500
2018  320.02905  136   -1.4561   32.6303  264.3828
2018  320.02897  138   -1.4643   32.6530  263.7085
2018  320.02888  140   -1.4723   32.6753  263.0532
2018  320.02878  142   -1.4789   32.6960  262.3845
2018  320.02869  144   -1.4849   32.7201  261.8315
2018  320.02860  146   -1.4910   32.7488  261.3442
2018  320.02852  148   -1.4976   32.7718  260.9389
2018  320.02842  150   -1.5004   32.7928  260.4593
2018  320.02833  152   -1.5039   32.8182  259.9872
2018  320.02824  154   -1.5063   32.8455  259.6612
2018  320.02816  156   -1.5076   32.8685  259.2009
2018  320.02807  158   -1.5077   32.8865  258.7580
2018  320.02798  160   -1.5078   32.9142  258.1951
2018  320.02788  162   -1.5065   32.9403  257.5419
2018  320.02780  164   -1.5039   32.9667  256.7545
2018  320.02772  166   -1.5001   32.9946  255.9462
2018  320.02762  168   -1.4952   33.0214  255.1638
2018  320.02752  170   -1.4895   33.0486  254.4369
2018  320.02744  172   -1.4823   33.0737  253.6468
2018  320.02735  174   -1.4745   33.1017  252.9030
2018  320.02726  176   -1.4641   33.1339  252.1582
2018  320.02716  178   -1.4507   33.1688  251.6367
2018  320.02708  180   -1.4361   33.2067  251.1881
2018  320.02699  182   -1.4201   33.2499  250.7024
2018  320.02690  184   -1.4036   33.2942  250.0552
2018  320.02680  186   -1.3764   33.3569  249.3734
2018  320.02672  188   -1.3544   33.4023  248.8595
2018  320.02662  190   -1.3360   33.4394  248.5631
2018  320.02652  192   -1.3177   33.4811  248.7105
2018  320.02642  194   -1.2980   33.5248  249.5779
2018  320.02633  196   -1.2882   33.5665  251.3391
2018  320.02623  198   -1.2731   33.6166  254.0644
2018  320.02613  200   -1.2942   33.6547  256.9226
2018  320.02605  202   -1.3165   33.6876  259.1841
2018  320.02595  204   -1.3249   33.7160  261.6693
2018  320.02584  206   -1.3363   33.7472  263.3240
2018  320.02574  208   -1.3731   33.7722  264.1640
2018  320.02565  210   -1.3727   33.7916  264.8653
2018  320.02555  212   -1.3831   33.8141  265.1864
2018  320.02545  214   -1.4118   33.8443  265.2783
2018  320.02535  216   -1.4042   33.8708  265.6112
2018  320.02526  218   -1.4103   33.8866  265.9594
2018  320.02514  220   -1.4092   33.9081  266.5724
2018  320.02505  222   -1.3951   33.9292  266.9706
2018  320.02495  224   -1.3855   33.9490  266.8345
2018  320.02484  226   -1.3774   33.9647  266.2265
2018  320.02474  228   -1.3773   33.9762  265.6114
2018  320.02465  230   -1.3609   33.9906  265.0056
2018  320.02453  232   -1.3502   34.0042  264.3095
2018  320.02444  234   -1.3323   34.0151  263.1699
2018  320.02436  236   -1.3225   34.0263  261.9778
2018  320.02426  238   -1.3123   34.0378  260.5439
2018  320.02415  240   -1.3034   34.0520  259.5754
2018  320.02405  242   -1.2825   34.0662  259.3953
2018  320.02395  244   -1.2703   34.0770  259.3657
2018  320.02385  246   -1.2622   34.0863  259.2991
2018  320.02376  248   -1.2494   34.0963  259.3313
2018  320.02366  250   -1.2370   34.1055  259.4289
2018  320.02356  252   -1.2254   34.1149  259.4983
2018  320.02345  254   -1.2043   34.1269  259.4390
2018  320.02335  256   -1.1824   34.1392  259.3432
2018  320.02327  258   -1.1545   34.1501  259.1511
2018  320.02317  260   -1.1151   34.1624  259.0921
2018  320.02307  262   -1.0818   34.1736  259.2502
2018  320.02299  264   -1.0538   34.1850  259.4171
2018  320.02290  266   -1.0295   34.1965  259.5459
2018  320.02280  268   -1.0166   34.2093  259.6706
2018  320.02272  270   -1.0025   34.2206  259.6257
2018  320.02262  272   -0.9817   34.2320  259.3813
2018  320.02252  274   -0.9490   34.2460  259.1278
2018  320.02244  276   -0.8836   34.2600  258.7997
2018  320.02234  278   -0.8432   34.2756  258.3169
2018  320.02224  280   -0.7979   34.2934  257.7713
2018  320.02216  282   -0.6778   34.3069  257.4120
2018  320.02208  284   -0.5979   34.3199  257.2936
2018  320.02198  286   -0.5627   34.3312  257.3998
2018  320.02188  288   -0.5379   34.3412  257.4517
2018  320.02180  290   -0.5248   34.3537  257.5922
2018  320.02172  292   -0.4829   34.3685  257.5997
2018  320.02163  294   -0.4476   34.3823  257.5415
2018  320.02153  296   -0.4136   34.3962  257.6337
2018  320.02144  298   -0.3679   34.4121  257.6089
2018  320.02135  300   -0.3314   34.4251  257.4373
2018  320.02127  302   -0.2705   34.4426  257.2208
2018  320.02119  304   -0.2435   34.4522  257.2063
2018  320.02109  306   -0.2091   34.4616  257.3797
2018  320.02099  308   -0.1729   34.4723  257.6006
2018  320.02091  310   -0.1421   34.4838  257.7660
2018  320.02083  312   -0.1147   34.4937  257.9718
2018  320.02074  314   -0.0762   34.5061  258.0846
2018  320.02066  316   -0.0491   34.5165  258.2196
2018  320.02056  318   -0.0146   34.5279  258.3790
2018  320.02047  320    0.0187   34.5392  258.5236
2018  320.02038  322    0.0417   34.5485  258.7749
2018  320.02030  324    0.0601   34.5567  259.2825
2018  320.02022  326    0.0890   34.5663  259.5688
2018  320.02013  328    0.1048   34.5734  259.7356
2018  320.02003  330    0.1272   34.5829  259.9382
2018  320.01994  332    0.1538   34.5917  260.0936
2018  320.01985  334    0.1726   34.5975  260.3175
2018  320.01977  336    0.1905   34.6025  260.4880
2018  320.01969  338    0.2010   34.6069  260.7441
2018  320.01960  340    0.2130   34.6125  260.9856
2018  320.01952  342    0.2246   34.6180  261.2496
2018  320.01942  344    0.2431   34.6262  261.4074
2018  320.01932  346    0.2646   34.6352  261.6426
2018  320.01924  348    0.2912   34.6452  261.7740
2018  320.01916  350    0.3073   34.6518  262.0391
2018  320.01908  352    0.3324   34.6615  262.1930
2018  320.01899  354    0.3499   34.6685  262.2994
2018  320.01891  356    0.3643   34.6743  262.4579
2018  320.01883  358    0.3767   34.6798  262.6559
2018  320.01873  360    0.3853   34.6832  262.7900
2018  320.01863  362    0.3878   34.6868  263.2240
2018  320.01855  364    0.4047   34.6930  263.8135
2018  320.01846  366    0.4318   34.7045  264.2074
2018  320.01838  368    0.4528   34.7115  264.5406
2018  320.01830  370    0.4671   34.7154  264.7841
2018  320.01821  372    0.4770   34.7199  265.1228
2018  320.01812  374    0.4879   34.7245  265.4317
2018  320.01802  376    0.5109   34.7324  265.5251
2018  320.01794  378    0.5195   34.7358  265.6957
2018  320.01785  380    0.5264   34.7386  265.9707
2018  320.01777  382    0.5321   34.7413  266.2483
2018  320.01769  384    0.5396   34.7448  266.5335
2018  320.01760  386    0.5496   34.7486  266.7599
2018  320.01751  388    0.5625   34.7542  266.8521
2018  320.01741  390    0.5697   34.7577  266.8792
2018  320.01733  392    0.5758   34.7609  266.8971
2018  320.01724  394    0.5772   34.7625  266.9523
2018  320.01716  396    0.5773   34.7636  267.1005
2018  320.01708  398    0.5801   34.7645  267.2997
2018  320.01698  400    0.5869   34.7669  267.5846
2018  320.01688  402    0.6002   34.7709  267.7558
2018  320.01680  404    0.6096   34.7739  268.0654
2018  320.01672  406    0.6227   34.7771  268.3370
2018  320.01663  408    0.6340   34.7803  268.4445
2018  320.01655  410    0.6400   34.7827  268.4277
2018  320.01647  412    0.6432   34.7840  268.3154
2018  320.01638  414    0.6424   34.7838  268.1782
2018  320.01628  416    0.6414   34.7838  268.0921
2018  320.01619  418    0.6377   34.7838  268.0167
2018  320.01610  420    0.6328   34.7836  267.9330
2018  320.01602  422    0.6296   34.7834  267.9248
2018  320.01594  424    0.6244   34.7835  267.9132
2018  320.01585  426    0.6215   34.7833  267.9043
2018  320.01577  428    0.6158   34.7836  267.9245
2018  320.01567  430    0.6132   34.7838  267.8797
2018  320.01558  432    0.6126   34.7842  267.7930
2018  320.01549  434    0.6128   34.7845  267.7658
2018  320.01541  436    0.6129   34.7852  267.5182
2018  320.01533  438    0.6131   34.7862  267.2422
2018  320.01524  440    0.6178   34.7888  267.3496
2018  320.01516  442    0.6440   34.7966  267.8218
2018  320.01508  444    0.6654   34.8034  268.2497
2018  320.01498  446    0.6745   34.8063  268.8631
2018  320.01488  448    0.6867   34.8097  269.4478
2018  320.01480  450    0.7019   34.8123  269.7294
2018  320.01471  452    0.7048   34.8134  270.0209
2018  320.01463  454    0.7172   34.8153  270.0719
2018  320.01455  456    0.7199   34.8158  270.1208
2018  320.01446  458    0.7201   34.8160  270.2768
2018  320.01438  460    0.7218   34.8166  270.3669
2018  320.01429  462    0.7289   34.8178  270.4194
2018  320.01419  464    0.7297   34.8178  270.4516
2018  320.01410  466    0.7297   34.8179  270.4808
2018  320.01402  468    0.7300   34.8178  270.3871
2018  320.01394  470    0.7299   34.8180  270.3773
2018  320.01385  472    0.7300   34.8181  270.4062
2018  320.01377  474    0.7300   34.8183  270.5036
2018  320.01369  476    0.7302   34.8184  270.5693
2018  320.01359  478    0.7318   34.8194  270.6426
2018  320.01349  480    0.7440   34.8214  270.6483
2018  320.01341  482    0.7490   34.8223  270.6511
2018  320.01333  484    0.7481   34.8224  270.6872
2018  320.01324  486    0.7482   34.8222  270.7646
2018  320.01316  488    0.7486   34.8223  270.7120
2018  320.01307  490    0.7486   34.8222  270.7183
2018  320.01299  492    0.7484   34.8221  270.6656
2018  320.01290  494    0.7477   34.8219  270.6043
2018  320.01280  496    0.7476   34.8216  270.4205
2018  320.01272  498    0.7465   34.8214  270.3299
2018  320.01263  500    0.7432   34.8213  270.2182
2018  320.01255  502    0.7405   34.8210  270.0290
2018  320.01247  504    0.7354   34.8207  269.9129
2018  320.01238  506    0.7308   34.8205  269.8111
2018  320.01230  508    0.7264   34.8205  269.7303
2018  320.01221  510    0.7226   34.8202  269.5915
2018  320.01212  512    0.7173   34.8203  269.5425
2018  320.01202  514    0.7119   34.8200  269.4669
2018  320.01194  516    0.7063   34.8204  269.4175
2018  320.01186  518    0.7045   34.8204  269.4602
2018  320.01177  520    0.7031   34.8209  269.6358
2018  320.01169  522    0.7034   34.8213  269.8148
2018  320.01160  524    0.7119   34.8233  270.1469
2018  320.01152  526    0.7158   34.8246  270.5324
2018  320.01142  528    0.7232   34.8272  270.8798
2018  320.01133  530    0.7273   34.8289  271.1086
2018  320.01124  532    0.7287   34.8307  271.3307
2018  320.01116  534    0.7255   34.8315  271.7588
2018  320.01108  536    0.7241   34.8323  272.2794
2018  320.01099  538    0.7286   34.8342  272.6615
2018  320.01091  540    0.7308   34.8358  273.0744
2018  320.01083  542    0.7374   34.8369  273.2173
2018  320.01074  544    0.7427   34.8377  273.1417
2018  320.01065  546    0.7437   34.8378  273.0181
2018  320.01055  548    0.7409   34.8376  272.9031
2018  320.01047  550    0.7366   34.8376  272.6753
2018  320.01038  552    0.7315   34.8373  272.4774
2018  320.01030  554    0.7214   34.8373  272.3656
2018  320.01022  556    0.7116   34.8374  272.3059
2018  320.01013  558    0.7045   34.8373  272.2366
2018  320.01005  560    0.6993   34.8374  272.2615
2018  320.00997  562    0.6967   34.8371  272.3046
2018  320.00988  564    0.6933   34.8373  272.1685
2018  320.00979  566    0.6888   34.8375  272.0098
2018  320.00969  568    0.6841   34.8373  271.9244
2018  320.00960  570    0.6806   34.8372  271.9669
2018  320.00952  572    0.6713   34.8376  272.0317
2018  320.00944  574    0.6628   34.8377  272.1283
2018  320.00936  576    0.6583   34.8378  272.3481
2018  320.00927  578    0.6601   34.8381  272.3707
2018  320.00919  580    0.6603   34.8380  272.3061
2018  320.00910  582    0.6552   34.8380  272.1985
2018  320.00902  584    0.6503   34.8378  272.1054
2018  320.00892  586    0.6418   34.8377  272.0577
2018  320.00883  588    0.6290   34.8382  272.2409
2018  320.00874  590    0.6241   34.8384  272.4561
2018  320.00866  592    0.6256   34.8392  272.3949
2018  320.00858  594    0.6235   34.8396  272.3162
2018  320.00849  596    0.6190   34.8397  272.2497
2018  320.00841  598    0.6132   34.8396  272.1566
2018  320.00833  600    0.6114   34.8393  272.0064
2018  320.00824  602    0.6070   34.8392  271.9082
2018  320.00816  604    0.5987   34.8391  271.7943
2018  320.00807  606    0.5910   34.8388  271.6060
2018  320.00799  608    0.5865   34.8390  271.4916
2018  320.00790  610    0.5781   34.8391  271.4845
2018  320.00780  612    0.5732   34.8389  271.5007
2018  320.00772  614    0.5705   34.8388  271.5136
2018  320.00763  616    0.5674   34.8387  271.5047
2018  320.00755  618    0.5657   34.8386  271.4784
2018  320.00747  620    0.5616   34.8388  271.4541
2018  320.00738  622    0.5575   34.8388  271.4874
2018  320.00730  624    0.5523   34.8388  271.6808
2018  320.00721  626    0.5468   34.8388  272.1133
2018  320.00713  628    0.5443   34.8391  272.4599
2018  320.00705  630    0.5482   34.8398  272.6991
2018  320.00696  632    0.5474   34.8406  272.8590
2018  320.00688  634    0.5451   34.8412  272.8982
2018  320.00679  636    0.5458   34.8415  272.9058
2018  320.00669  638    0.5434   34.8417  272.8764
2018  320.00660  640    0.5377   34.8416  272.9370
2018  320.00652  642    0.5341   34.8419  272.9168
2018  320.00644  644    0.5333   34.8421  272.9687
2018  320.00635  646    0.5279   34.8424  272.9632
2018  320.00627  648    0.5220   34.8427  272.8903
2018  320.00619  650    0.5202   34.8426  272.6998
2018  320.00610  652    0.5161   34.8429  272.5425
2018  320.00602  654    0.5104   34.8431  272.3222
2018  320.00594  656    0.5053   34.8432  272.2091
2018  320.00585  658    0.5002   34.8437  272.2786
2018  320.00577  660    0.4983   34.8436  272.3400
2018  320.00569  662    0.4959   34.8443  272.3008
2018  320.00561  664    0.4956   34.8446  272.1591
2018  320.00552  666    0.4903   34.8449  272.1453
2018  320.00544  668    0.4853   34.8452  272.0881
2018  320.00535  670    0.4828   34.8457  272.0106
2018  320.00527  672    0.4822   34.8459  271.9977
2018  320.00517  674    0.4819   34.8459  271.7955
2018  320.00508  676    0.4766   34.8464  271.7538
2018  320.00499  678    0.4707   34.8467  271.8223
2018  320.00491  680    0.4676   34.8466  271.8699
2018  320.00483  682    0.4667   34.8465  271.9460
2018  320.00474  684    0.4636   34.8468  271.9605
2018  320.00466  686    0.4618   34.8471  272.0368
2018  320.00458  688    0.4592   34.8470  272.0876
2018  320.00449  690    0.4561   34.8474  272.0784
2018  320.00441  692    0.4532   34.8477  272.1307
2018  320.00432  694    0.4506   34.8475  272.0153
2018  320.00424  696    0.4457   34.8481  271.9568
2018  320.00416  698    0.4425   34.8482  271.9334
2018  320.00408  700    0.4385   34.8483  271.8945
2018  320.00399  702    0.4355   34.8483  271.9467
2018  320.00391  704    0.4321   34.8485  272.0672
2018  320.00383  706    0.4296   34.8487  272.1960
2018  320.00374  708    0.4258   34.8490  272.3277
2018  320.00366  710    0.4224   34.8492  272.4246
2018  320.00358  712    0.4200   34.8495  272.5214
2018  320.00349  714    0.4180   34.8497  272.5989
2018  320.00341  716    0.4153   34.8497  272.4680
2018  320.00333  718    0.4132   34.8497  272.3085
2018  320.00324  720    0.4101   34.8500  272.3230
2018  320.00316  722    0.4083   34.8499  272.3041
2018  320.00308  724    0.4065   34.8501  272.2532
2018  320.00299  726    0.4031   34.8502  272.2783
2018  320.00291  728    0.4001   34.8501  272.3253
2018  320.00283  730    0.3986   34.8501  272.3281
2018  320.00274  732    0.3952   34.8504  272.2254
2018  320.00266  734    0.3903   34.8506  272.2066
2018  320.00258  736    0.3869   34.8506  272.1925
2018  320.00249  738    0.3845   34.8510  272.1057
2018  320.00241  740    0.3807   34.8513  272.1185
2018  320.00233  742    0.3794   34.8513  272.2315
2018  320.00224  744    0.3774   34.8511  272.1749
2018  320.00216  746    0.3732   34.8511  272.3186
2018  320.00208  748    0.3690   34.8513  272.6479
2018  320.00199  750    0.3639   34.8514  272.8392
2018  320.00191  752    0.3612   34.8512  272.9629
2018  320.00183  754    0.3573   34.8514  273.1198
2018  320.00177  756    0.3538   34.8515  273.3032
%endofdat
