%ITP 110, profile 330: year day longitude(E+) latitude(N+) ndepths
2019   63.25141  -133.9359  75.5039  374 0
%year day pressure(dbar) temperature(C) salinity oxygen(umol/kg)
2019   63.25179   14   -1.5392   28.2642  362.5203
2019   63.25187   16   -1.5394   28.2642  362.5804
2019   63.25195   18   -1.5392   28.2642  362.6038
2019   63.25203   20   -1.5390   28.2643  362.6212
2019   63.25212   22   -1.5388   28.2646  362.6701
2019   63.25220   24   -1.5386   28.2646  362.7046
2019   63.25228   26   -1.5386   28.2646  362.7016
2019   63.25237   28   -1.5385   28.2646  362.7619
2019   63.25245   30   -1.5381   28.2651  362.7296
2019   63.25255   32   -1.5378   28.2654  362.6954
2019   63.25265   34   -1.5372   28.2660  362.7240
2019   63.25273   36   -1.5367   28.2664  362.7458
2019   63.25281   38   -1.5363   28.2707  362.7957
2019   63.25290   40   -1.2634   28.8557  360.0562
2019   63.25298   42   -0.8177   29.4333  356.9003
2019   63.25306   44   -0.5588   29.7683  354.8960
2019   63.25314   46   -0.3414   29.9886  353.4468
2019   63.25323   48   -0.2522   30.1758  352.9930
2019   63.25331   50   -0.2547   30.3461  352.3015
2019   63.25340   52   -0.2738   30.4946  349.7905
2019   63.25349   54   -0.2123   30.6371  345.1279
2019   63.25359   56   -0.1894   30.7473  340.5042
2019   63.25367   58   -0.1522   30.8236  336.0529
2019   63.25376   60   -0.1083   30.9292  332.0956
2019   63.25384   62   -0.0438   31.0428  328.2491
2019   63.25392   64    0.0301   31.1316  324.0316
2019   63.25401   66    0.0693   31.2133  320.1455
2019   63.25409   68    0.1036   31.2907  316.7393
2019   63.25417   70    0.1504   31.3471  313.2848
2019   63.25427   72    0.1651   31.3937  310.2331
2019   63.25437   74    0.2121   31.4509  307.5586
2019   63.25445   76    0.2631   31.4990  305.3833
2019   63.25453   78    0.3119   31.5623  303.1539
2019   63.25462   80    0.3092   31.5998  301.0715
2019   63.25470   82    0.2570   31.6416  299.2436
2019   63.25478   84    0.1840   31.6721  298.0769
2019   63.25487   86    0.1068   31.7052  297.2905
2019   63.25497   88    0.1243   31.7405  296.3814
2019   63.25506   90    0.0652   31.7740  295.5816
2019   63.25515   92    0.0417   31.8032  294.7817
2019   63.25523   94   -0.0182   31.8280  294.0662
2019   63.25531   96   -0.1078   31.8624  293.3692
2019   63.25540   98   -0.2212   31.8845  292.7351
2019   63.25548  100   -0.3761   31.9086  292.3433
2019   63.25556  102   -0.4496   31.9430  291.7177
2019   63.25566  104   -0.4428   31.9754  290.6840
2019   63.25576  106   -0.5259   31.9884  289.6694
2019   63.25584  108   -0.6159   32.0296  288.5500
2019   63.25592  110   -0.6891   32.0496  287.2683
2019   63.25601  112   -0.7924   32.0791  286.0777
2019   63.25609  114   -0.8773   32.1137  285.0913
2019   63.25617  116   -0.9296   32.1495  283.7674
2019   63.25627  118   -0.9612   32.1701  282.0444
2019   63.25637  120   -0.9892   32.1913  280.3407
2019   63.25645  122   -1.0062   32.2215  278.9582
2019   63.25654  124   -1.0072   32.2477  277.5175
2019   63.25662  126   -1.0135   32.2695  275.9054
2019   63.25670  128   -1.0306   32.2901  274.7019
2019   63.25679  130   -1.0519   32.3180  273.8375
2019   63.25688  132   -1.0744   32.3461  272.6762
2019   63.25698  134   -1.1021   32.3681  271.3802
2019   63.25706  136   -1.1208   32.3888  270.1046
2019   63.25715  138   -1.1294   32.4131  268.5948
2019   63.25723  140   -1.1423   32.4387  267.2968
2019   63.25731  142   -1.1596   32.4610  266.2916
2019   63.25741  144   -1.1858   32.4834  265.5444
2019   63.25751  146   -1.2133   32.5018  265.0772
2019   63.25759  148   -1.2352   32.5239  264.0505
2019   63.25767  150   -1.2509   32.5419  262.8924
2019   63.25776  152   -1.2625   32.5559  261.9219
2019   63.25785  154   -1.2749   32.5769  260.9561
2019   63.25795  156   -1.2916   32.5996  260.2854
2019   63.25804  158   -1.3087   32.6161  259.7922
2019   63.25812  160   -1.3340   32.6327  259.3741
2019   63.25820  162   -1.3567   32.6524  258.8753
2019   63.25828  164   -1.3824   32.6696  258.5480
2019   63.25838  166   -1.3951   32.6904  258.2167
2019   63.25848  168   -1.4140   32.7089  257.8688
2019   63.25856  170   -1.4341   32.7261  257.4627
2019   63.25865  172   -1.4431   32.7448  257.1734
2019   63.25873  174   -1.4400   32.7665  257.0952
2019   63.25883  176   -1.4601   32.7937  257.0432
2019   63.25892  178   -1.4372   32.8203  256.7547
2019   63.25901  180   -1.4472   32.8456  256.7803
2019   63.25909  182   -1.4675   32.8748  256.9169
2019   63.25919  184   -1.4751   32.8974  256.9183
2019   63.25929  186   -1.4785   32.9214  256.7788
2019   63.25937  188   -1.4845   32.9476  256.6693
2019   63.25945  190   -1.4849   32.9778  256.4347
2019   63.25953  192   -1.4812   33.0070  256.1319
2019   63.25963  194   -1.4792   33.0387  255.8813
2019   63.25973  196   -1.4791   33.0667  255.5947
2019   63.25981  198   -1.4777   33.0971  255.3752
2019   63.25990  200   -1.4753   33.1357  255.1128
2019   63.25999  202   -1.4704   33.1747  254.9586
2019   63.26009  204   -1.4572   33.2195  254.8080
2019   63.26018  206   -1.4431   33.2531  254.6106
2019   63.26026  208   -1.4297   33.2892  254.3868
2019   63.26034  210   -1.4143   33.3191  254.2798
2019   63.26044  212   -1.3917   33.3592  254.0382
2019   63.26054  214   -1.3667   33.4059  253.4421
2019   63.26062  216   -1.3281   33.4414  252.5719
2019   63.26070  218   -1.3078   33.4708  251.1779
2019   63.26078  220   -1.2925   33.5006  249.6512
2019   63.26088  222   -1.2746   33.5390  248.0559
2019   63.26098  224   -1.2328   33.6005  246.8809
2019   63.26106  226   -1.1636   33.6624  245.7936
2019   63.26115  228   -1.1173   33.7155  243.7794
2019   63.26124  230   -1.0876   33.7542  241.5652
2019   63.26134  232   -1.0652   33.7916  240.0559
2019   63.26142  234   -1.0381   33.8298  239.3383
2019   63.26151  236   -0.9894   33.8715  238.8530
2019   63.26159  238   -0.9540   33.9029  238.1744
2019   63.26169  240   -0.8923   33.9371  237.3230
2019   63.26179  242   -0.8872   33.9612  236.3721
2019   63.26187  244   -0.8660   33.9963  236.0435
2019   63.26195  246   -0.8366   34.0301  236.5904
2019   63.26205  248   -0.7983   34.0655  237.5193
2019   63.26215  250   -0.7563   34.0921  238.3518
2019   63.26223  252   -0.7117   34.1155  239.0245
2019   63.26231  254   -0.6717   34.1374  239.1577
2019   63.26240  256   -0.6320   34.1562  238.9051
2019   63.26249  258   -0.6078   34.1770  238.2832
2019   63.26259  260   -0.5816   34.2033  238.1079
2019   63.26267  262   -0.5521   34.2253  238.4606
2019   63.26276  264   -0.5176   34.2421  239.3308
2019   63.26285  266   -0.4833   34.2601  240.0482
2019   63.26295  268   -0.4505   34.2745  239.9874
2019   63.26304  270   -0.4228   34.2913  239.5446
2019   63.26312  272   -0.4084   34.3032  239.6076
2019   63.26321  274   -0.3913   34.3191  240.4746
2019   63.26331  276   -0.3536   34.3372  241.6985
2019   63.26340  278   -0.3191   34.3499  242.3588
2019   63.26348  280   -0.2891   34.3649  242.2793
2019   63.26358  282   -0.2582   34.3789  242.2216
2019   63.26367  284   -0.2326   34.3923  242.7327
2019   63.26376  286   -0.2084   34.4037  243.3683
2019   63.26384  288   -0.1843   34.4152  243.6863
2019   63.26392  290   -0.1606   34.4284  244.0358
2019   63.26402  292   -0.1332   34.4392  244.0725
2019   63.26412  294   -0.1125   34.4491  244.0644
2019   63.26420  296   -0.0974   34.4598  244.3144
2019   63.26429  298   -0.0698   34.4764  244.7696
2019   63.26438  300   -0.0413   34.4901  244.8004
2019   63.26448  302   -0.0168   34.5017  245.4231
2019   63.26456  304   -0.0039   34.5120  246.5342
2019   63.26465  306    0.0153   34.5207  247.5577
2019   63.26474  308    0.0289   34.5302  248.4865
2019   63.26484  310    0.0470   34.5381  248.8471
2019   63.26492  312    0.0647   34.5482  249.4238
2019   63.26502  314    0.0881   34.5578  249.6763
2019   63.26512  316    0.1125   34.5692  249.5337
2019   63.26520  318    0.1397   34.5808  249.1253
2019   63.26529  320    0.1648   34.5893  249.2069
2019   63.26538  322    0.1876   34.5968  250.0211
2019   63.26548  324    0.2103   34.6087  251.0323
2019   63.26556  326    0.2229   34.6127  251.7671
2019   63.26564  328    0.2250   34.6139  253.7267
2019   63.26574  330    0.2360   34.6228  255.0760
2019   63.26584  332    0.2569   34.6335  254.4334
2019   63.26592  334    0.2815   34.6427  253.1521
2019   63.26602  336    0.2951   34.6480  253.5897
2019   63.26612  338    0.3137   34.6599  254.3046
2019   63.26620  340    0.3305   34.6640  253.8442
2019   63.26628  342    0.3320   34.6646  254.8253
2019   63.26638  344    0.3364   34.6714  256.1059
2019   63.26648  346    0.3653   34.6835  255.6488
2019   63.26658  348    0.3899   34.6944  254.0879
2019   63.26667  350    0.4144   34.7049  253.4364
2019   63.26676  352    0.4336   34.7088  254.0468
2019   63.26684  354    0.4387   34.7096  256.1138
2019   63.26694  356    0.4390   34.7105  258.0802
2019   63.26703  358    0.4393   34.7110  259.3446
2019   63.26712  360    0.4422   34.7143  259.9032
2019   63.26722  362    0.4648   34.7239  259.4801
2019   63.26731  364    0.4812   34.7299  258.2179
2019   63.26741  366    0.4948   34.7370  258.2047
2019   63.26751  368    0.5145   34.7444  257.6700
2019   63.26759  370    0.5284   34.7474  257.3395
2019   63.26769  372    0.5303   34.7479  259.0887
2019   63.26779  374    0.5304   34.7484  260.8769
2019   63.26787  376    0.5301   34.7488  261.9506
2019   63.26795  378    0.5298   34.7492  262.4914
2019   63.26805  380    0.5303   34.7507  262.7439
2019   63.26814  382    0.5388   34.7548  262.1675
2019   63.26823  384    0.5424   34.7561  261.1044
2019   63.26833  386    0.5532   34.7599  260.6008
2019   63.26842  388    0.5632   34.7623  260.1838
2019   63.26851  390    0.5644   34.7625  260.9160
2019   63.26859  392    0.5645   34.7628  261.8389
2019   63.26869  394    0.5689   34.7654  262.3813
2019   63.26878  396    0.5776   34.7681  262.0276
2019   63.26887  398    0.5842   34.7698  261.3213
2019   63.26895  400    0.5856   34.7706  261.8321
2019   63.26905  402    0.5912   34.7716  262.5509
2019   63.26915  404    0.5912   34.7717  263.5767
2019   63.26923  406    0.5901   34.7718  264.2939
2019   63.26931  408    0.5889   34.7718  264.6494
2019   63.26941  410    0.5863   34.7718  264.7643
2019   63.26951  412    0.5842   34.7723  264.6499
2019   63.26959  414    0.5868   34.7740  263.7527
2019   63.26967  416    0.5949   34.7769  262.1959
2019   63.26977  418    0.6063   34.7814  260.9872
2019   63.26987  420    0.6154   34.7833  260.4380
2019   63.26995  422    0.6220   34.7866  260.7407
2019   63.27003  424    0.6314   34.7893  261.0569
2019   63.27013  426    0.6428   34.7925  261.1319
2019   63.27023  428    0.6453   34.7930  261.6589
2019   63.27031  430    0.6455   34.7937  262.3623
2019   63.27040  432    0.6530   34.7965  262.7694
2019   63.27049  434    0.6633   34.7986  262.9599
2019   63.27059  436    0.6741   34.7995  263.2652
2019   63.27068  438    0.6809   34.8025  263.8964
2019   63.27076  440    0.6864   34.8031  264.7398
2019   63.27085  442    0.6848   34.8032  265.6260
2019   63.27095  444    0.6830   34.8036  266.1869
2019   63.27103  446    0.6824   34.8037  266.4811
2019   63.27112  448    0.6803   34.8037  266.6036
2019   63.27120  450    0.6774   34.8036  266.6437
2019   63.27130  452    0.6746   34.8037  266.6957
2019   63.27140  454    0.6773   34.8050  266.6310
2019   63.27148  456    0.6760   34.8033  266.4827
2019   63.27156  458    0.6710   34.8057  266.1838
2019   63.27166  460    0.6779   34.8062  265.8550
2019   63.27176  462    0.6836   34.8073  265.6232
2019   63.27184  464    0.6889   34.8097  265.5754
2019   63.27194  466    0.7090   34.8110  265.7611
2019   63.27203  468    0.7111   34.8106  266.5186
2019   63.27212  470    0.7085   34.8107  267.1505
2019   63.27222  472    0.7047   34.8110  267.4715
2019   63.27231  474    0.7012   34.8108  267.5946
2019   63.27240  476    0.6976   34.8110  267.6082
2019   63.27248  478    0.6947   34.8111  267.5726
2019   63.27258  480    0.6928   34.8108  267.5196
2019   63.27267  482    0.6913   34.8110  267.5125
2019   63.27276  484    0.6894   34.8105  267.4665
2019   63.27284  486    0.6844   34.8104  267.4039
2019   63.27294  488    0.6791   34.8100  267.2639
2019   63.27304  490    0.6708   34.8098  267.0407
2019   63.27312  492    0.6614   34.8094  266.7527
2019   63.27320  494    0.6510   34.8098  266.3074
2019   63.27330  496    0.6520   34.8124  265.6665
2019   63.27340  498    0.6518   34.8121  265.1458
2019   63.27348  500    0.6480   34.8126  264.8989
2019   63.27356  502    0.6474   34.8135  264.5603
2019   63.27366  504    0.6528   34.8145  264.3752
2019   63.27376  506    0.6472   34.8157  264.5644
2019   63.27384  508    0.6485   34.8168  264.8207
2019   63.27392  510    0.6495   34.8165  265.0951
2019   63.27402  512    0.6320   34.8149  265.4320
2019   63.27412  514    0.6169   34.8165  265.3652
2019   63.27420  516    0.6169   34.8171  264.9767
2019   63.27429  518    0.6404   34.8223  264.6515
2019   63.27438  520    0.6580   34.8211  264.9978
2019   63.27448  522    0.6583   34.8213  265.9011
2019   63.27456  524    0.6582   34.8219  266.5826
2019   63.27465  526    0.6511   34.8220  267.0981
2019   63.27473  528    0.6426   34.8231  267.3634
2019   63.27483  530    0.6480   34.8258  267.4196
2019   63.27492  532    0.6550   34.8264  267.6377
2019   63.27501  534    0.6529   34.8256  268.2310
2019   63.27509  536    0.6446   34.8253  268.7206
2019   63.27519  538    0.6346   34.8256  268.9038
2019   63.27529  540    0.6291   34.8260  268.8430
2019   63.27537  542    0.6250   34.8258  268.7374
2019   63.27545  544    0.6214   34.8257  268.6603
2019   63.27555  546    0.6158   34.8255  268.5751
2019   63.27564  548    0.6110   34.8257  268.5213
2019   63.27573  550    0.6052   34.8251  268.4698
2019   63.27581  552    0.5975   34.8253  268.3663
2019   63.27591  554    0.5960   34.8257  268.1501
2019   63.27601  556    0.5911   34.8252  268.0850
2019   63.27609  558    0.5865   34.8252  267.9565
2019   63.27617  560    0.5823   34.8251  267.8478
2019   63.27627  562    0.5797   34.8257  267.6710
2019   63.27637  564    0.5788   34.8258  267.5501
2019   63.27645  566    0.5751   34.8261  267.6019
2019   63.27654  568    0.5711   34.8251  267.6435
2019   63.27663  570    0.5630   34.8270  267.7562
2019   63.27673  572    0.5593   34.8262  267.7124
2019   63.27681  574    0.5554   34.8278  267.6961
2019   63.27689  576    0.5573   34.8277  267.6465
2019   63.27699  578    0.5548   34.8276  267.8188
2019   63.27709  580    0.5511   34.8272  267.9521
2019   63.27717  582    0.5509   34.8302  268.0495
2019   63.27726  584    0.5551   34.8284  268.1723
2019   63.27736  586    0.5498   34.8289  268.6587
2019   63.27745  588    0.5481   34.8291  268.9259
2019   63.27753  590    0.5477   34.8293  268.9801
2019   63.27762  592    0.5445   34.8292  269.0774
2019   63.27771  594    0.5413   34.8291  269.2190
2019   63.27781  596    0.5374   34.8292  269.2270
2019   63.27790  598    0.5335   34.8288  269.2657
2019   63.27798  600    0.5296   34.8292  269.1627
2019   63.27808  602    0.5290   34.8295  269.0801
2019   63.27818  604    0.5272   34.8293  269.0176
2019   63.27826  606    0.5230   34.8291  269.1344
2019   63.27834  608    0.5167   34.8292  269.1629
2019   63.27844  610    0.5113   34.8294  269.1258
2019   63.27853  612    0.5075   34.8297  268.9536
2019   63.27862  614    0.5068   34.8303  268.7680
2019   63.27872  616    0.5034   34.8303  268.7571
2019   63.27881  618    0.5001   34.8302  268.9298
2019   63.27890  620    0.4971   34.8309  269.0047
2019   63.27898  622    0.4961   34.8312  268.9890
2019   63.27908  624    0.4949   34.8315  268.9260
2019   63.27917  626    0.4949   34.8319  269.0569
2019   63.27926  628    0.4924   34.8320  269.2227
2019   63.27934  630    0.4890   34.8324  269.5086
2019   63.27944  632    0.4857   34.8323  269.6243
2019   63.27953  634    0.4833   34.8329  269.6284
2019   63.27962  636    0.4831   34.8336  269.5708
2019   63.27970  638    0.4817   34.8331  269.8109
2019   63.27980  640    0.4783   34.8335  269.9718
2019   63.27990  642    0.4774   34.8343  269.9747
2019   63.27998  644    0.4749   34.8341  270.0832
2019   63.28006  646    0.4700   34.8340  270.2305
2019   63.28016  648    0.4673   34.8348  270.2026
2019   63.28026  650    0.4635   34.8348  270.1845
2019   63.28034  652    0.4598   34.8350  270.1599
2019   63.28042  654    0.4610   34.8363  270.0984
2019   63.28052  656    0.4609   34.8356  270.1822
2019   63.28062  658    0.4558   34.8359  270.4639
2019   63.28070  660    0.4551   34.8367  270.5363
2019   63.28078  662    0.4534   34.8363  270.5677
2019   63.28088  664    0.4502   34.8371  270.6352
2019   63.28098  666    0.4505   34.8376  270.5717
2019   63.28106  668    0.4479   34.8374  270.6593
2019   63.28115  670    0.4446   34.8375  270.7920
2019   63.28124  672    0.4414   34.8372  270.7511
2019   63.28134  674    0.4382   34.8375  270.6909
2019   63.28142  676    0.4361   34.8378  270.5787
2019   63.28151  678    0.4339   34.8380  270.5949
2019   63.28160  680    0.4309   34.8378  270.6651
2019   63.28170  682    0.4282   34.8383  270.6439
2019   63.28179  684    0.4277   34.8387  270.6312
2019   63.28187  686    0.4233   34.8384  270.6891
2019   63.28196  688    0.4192   34.8385  270.7793
2019   63.28206  690    0.4172   34.8393  270.7328
2019   63.28215  692    0.4166   34.8395  270.7680
2019   63.28223  694    0.4138   34.8395  270.8777
2019   63.28233  696    0.4094   34.8392  271.0427
2019   63.28242  698    0.4041   34.8393  271.0728
2019   63.28251  700    0.4022   34.8399  271.0847
2019   63.28259  702    0.4022   34.8401  271.0611
2019   63.28269  704    0.3979   34.8398  271.1574
2019   63.28279  706    0.3928   34.8398  271.2310
2019   63.28287  708    0.3898   34.8402  271.2138
2019   63.28295  710    0.3897   34.8406  271.1647
2019   63.28304  712    0.3886   34.8406  271.2377
2019   63.28313  714    0.3857   34.8404  271.3533
2019   63.28323  716    0.3813   34.8404  271.4229
2019   63.28331  718    0.3779   34.8407  271.3450
2019   63.28340  720    0.3759   34.8410  271.3357
2019   63.28349  722    0.3706   34.8405  271.4229
2019   63.28359  724    0.3664   34.8415  271.4089
2019   63.28367  726    0.3652   34.8416  271.4005
2019   63.28376  728    0.3630   34.8413  271.4664
2019   63.28385  730    0.3610   34.8417  271.4583
2019   63.28395  732    0.3602   34.8417  271.4861
2019   63.28404  734    0.3560   34.8420  271.5577
2019   63.28412  736    0.3538   34.8425  271.6445
2019   63.28422  738    0.3507   34.8426  271.7886
2019   63.28431  740    0.3477   34.8427  271.8753
2019   63.28439  742    0.3445   34.8428  271.9566
2019   63.28448  744    0.3415   34.8429  272.0637
2019   63.28456  746    0.3379   34.8429  272.1833
2019   63.28466  748    0.3352   34.8430  272.2774
2019   63.28476  750    0.3315   34.8429  272.4012
2019   63.28484  752    0.3272   34.8431  272.5318
2019   63.28492  754    0.3229   34.8433  272.6692
2019   63.28502  756    0.3198   34.8432  272.7479
2019   63.28512  758    0.3172   34.8434  272.8091
2019   63.28519  760    0.3115   34.8434  273.0654
%endofdat
